0.962027
1.962021
2.962014
3.962008
4.962035
5.962028
6.962022
7.962015
8.962009
9.962036
10.962029
11.962023
12.962016
13.962010
14.962003
15.962030
16.962024
17.962017
18.962011
19.962005
20.962031
21.962025
22.962018
23.962012
24.962006
25.961999
26.962026
27.962020
28.962013
29.962007
30.962000
31.962027
32.962021
33.962014
34.962008
35.962001
36.961995
37.962022
38.962015
39.962009
40.962002
41.961996
42.962023
43.962016
44.962010
45.962003
46.961997
47.961991
48.962017
49.962011
50.962004
51.961998
52.961992
53.961985
54.962012
55.962006
56.961999
57.961993
58.961986
59.962013
60.962007
61.962000
62.961994
63.961987
64.961981
65.962008
66.962001
67.961995
68.961988
69.961982
70.962009
71.962002
72.961996
73.961989
74.961983
75.961976
76.962003
77.961997
78.961990
79.961984
80.961978
81.962004
82.961998
83.961992
84.961985
85.961979
86.961972
87.961999
88.961993
89.961986
90.961980
91.961973
92.962000
93.961994
94.961987
95.961981
96.961974
97.961968
98.961995
99.961988
100.961982
101.961975
102.961969
103.961962
104.961989
105.961983
106.961976
107.961970
108.961964
109.961990
110.961984
111.961978
112.961971
113.961965
114.961958
115.961985
116.961979
117.961972
118.961966
119.961959
120.961986
121.961980
122.961973
123.961967
124.961960
125.961954
126.961981
127.961974
128.961968
129.961961
130.961955
131.961982
132.961975
133.961969
134.961962
135.961956
136.961950
137.961976
138.961970
139.961963
140.961957
141.961951
142.961944
143.961971
144.961965
145.961958
146.961952
147.961945
148.961972
149.961966
150.961959
151.961953
152.961946
153.961940
154.961967
155.961960
156.961954
157.961947
158.961941
159.961968
160.961961
161.961955
162.961948
163.961942
164.961936
165.961962
166.961956
167.961949
168.961943
169.961937
170.961963
171.961957
172.961951
173.961944
174.961938
175.961931
176.961958
177.961952
178.961945
179.961939
180.961932
181.961926
182.961953
183.961946
184.961940
185.961933
186.961927
187.961954
188.961947
189.961941
190.961934
191.961928
192.961921
193.961948
194.961942
195.961935
196.961929
197.961923
198.961949
199.961943
200.961937
201.961930
202.961924
203.961917
204.961944
205.961938
206.961931
207.961925
208.961918
209.961945
210.961939
211.961932
212.961926
213.961919
214.961913
215.961940
216.961933
217.961927
218.961920
219.961914
220.961907
221.961934
222.961928
223.961921
224.961915
225.961909
226.961935
227.961929
228.961923
229.961916
230.961910
231.961903
232.961930
233.961924
234.961917
235.961911
236.961904
237.961931
238.961925
239.961918
240.961912
241.961905
242.961899
243.961926
244.961919
245.961913
246.961906
247.961900
248.961927
249.961920
250.961914
251.961907
252.961901
253.961895
254.961921
255.961915
256.961908
257.961902
258.961896
259.961889
260.961916
261.961910
262.961903
263.961897
264.961890
265.961917
266.961911
267.961904
268.961898
269.961891
270.961885
271.961912
272.961905
273.961899
274.961892
275.961886
276.961913
277.961906
278.961900
279.961893
280.961887
281.961881
282.961907
283.961901
284.961894
285.961888
286.961882
287.961908
288.961902
289.961896
290.961889
291.961883
292.961876
293.961903
294.961897
295.961890
296.961884
297.961877
298.961904
299.961898
300.961891
301.961885
302.961878
303.961872
304.961899
305.961892
306.961886
307.961879
308.961873
309.961900
310.961893
311.961887
312.961880
313.961874
314.961868
315.961894
316.961888
317.961882
318.961875
319.961869
320.961862
321.961889
322.961883
323.961876
324.961870
325.961863
326.961890
327.961884
328.961877
329.961871
330.961864
331.961858
332.961885
333.961878
334.961872
335.961865
336.961859
337.961886
338.961879
339.961873
340.961866
341.961860
342.961854
343.961880
344.961874
345.961868
346.961861
347.961855
348.961848
349.961875
350.961869
351.961862
352.961856
353.961849
354.961876
355.961870
356.961863
357.961857
358.961850
359.961844
360.961871
361.961864
362.961858
363.961851
364.961845
365.961872
366.961865
367.961859
368.961852
369.961846
370.961840
371.961866
372.961860
373.961853
374.961847
375.961841
376.961867
377.961861
378.961855
379.961848
380.961842
381.961835
382.961862
383.961856
384.961849
385.961843
386.961836
387.961830
388.961857
389.961850
390.961844
391.961837
392.961831
393.961858
394.961851
395.961845
396.961838
397.961832
398.961826
399.961852
400.961846
401.961839
402.961833
403.961827
404.961853
405.961847
406.961841
407.961834
408.961828
409.961821
410.961848
411.961842
412.961835
413.961829
414.961822
415.961849
416.961843
417.961836
418.961830
419.961823
420.961817
421.961844
422.961837
423.961831
424.961824
425.961818
426.961811
427.961838
428.961832
429.961825
430.961819
431.961813
432.961839
433.961833
434.961827
435.961820
436.961814
437.961807
438.961834
439.961828
440.961821
441.961815
442.961808
443.961835
444.961829
445.961822
446.961816
447.961809
448.961803
449.961830
450.961823
451.961817
452.961810
453.961804
454.961831
455.961824
456.961818
457.961811
458.961805
459.961799
460.961825
461.961819
462.961813
463.961806
464.961800
465.961793
466.961820
467.961814
468.961807
469.961801
470.961794
471.961821
472.961815
473.961808
474.961802
475.961795
476.961789
477.961816
478.961809
479.961803
480.961796
481.961790
482.961817
483.961810
484.961804
485.961797
486.961791
487.961785
488.961811
489.961805
490.961798
491.961792
492.961786
493.961812
494.961806
495.961800
496.961793
497.961787
498.961780
499.961807
500.961801
501.961794
502.961788
503.961781
504.961775
505.961802
506.961795
507.961789
508.961782
509.961776
510.961803
511.961796
512.961790
513.961783
514.961777
515.961771
516.961797
517.961791
518.961784
519.961778
520.961772
521.961798
522.961792
523.961786
524.961779
525.961773
526.961766
527.961793
528.961787
529.961780
530.961774
531.961767
532.961761
533.961788
534.961781
535.961775
536.961768
537.961762
538.961789
539.961782
540.961776
541.961769
542.961763
543.961756
544.961783
545.961777
546.961770
547.961764
548.961758
549.961751
550.961778
551.961772
552.961765
553.961759
554.961752
555.961779
556.961773
557.961766
558.961760
559.961753
560.961747
561.961774
562.961767
563.961761
564.961754
565.961748
566.961741
567.961768
568.961762
569.961755
570.961749
571.961742
572.961769
573.961763
574.961756
575.961750
576.961744
577.961737
578.961764
579.961758
580.961751
581.961745
582.961738
583.961732
584.961759
585.961752
586.961746
587.961739
588.961733
589.961760
590.961753
591.961747
592.961740
593.961734
594.961727
595.961754
596.961748
597.961741
598.961735
599.961728
600.961722
601.961749
602.961742
603.961736
604.961730
605.961723
606.961717
607.961743
608.961737
609.961731
610.961724
611.961718
612.961745
613.961738
614.961732
615.961725
616.961719
617.961712
618.961739
619.961733
620.961726
621.961720
622.961713
623.961707
624.961734
625.961727
626.961721
627.961714
628.961708
629.961735
630.961728
631.961722
632.961716
633.961709
634.961703
635.961729
636.961723
637.961717
638.961710
639.961704
640.961697
641.961724
642.961718
643.961711
644.961705
645.961698
646.961725
647.961719
648.961712
649.961706
650.961699
651.961693
652.961720
653.961713
654.961707
655.961700
656.961694
657.961688
658.961714
659.961708
660.961701
661.961695
662.961689
663.961682
664.961709
665.961703
666.961696
667.961690
668.961683
669.961710
670.961704
671.961697
672.961691
673.961684
674.961678
675.961705
676.961698
677.961692
678.961685
679.961679
680.961672
681.961699
682.961693
683.961686
684.961680
685.961673
686.961700
687.961694
688.961687
689.961681
690.961675
691.961668
692.961695
693.961689
694.961682
695.961676
696.961669
697.961663
698.961690
699.961683
700.961677
701.961670
702.961664
703.961691
704.961684
705.961678
706.961671
707.961665
708.961658
709.961685
710.961679
711.961672
712.961666
713.961659
714.961653
715.961680
716.961673
717.961667
718.961661
719.961654
720.961681
721.961675
722.961668
723.961662
724.961655
725.961649
726.961676
727.961669
728.961663
729.961656
730.961650
731.961643
732.961670
733.961664
734.961657
735.961651
736.961644
737.961638
738.961665
739.961658
740.961652
741.961645
742.961639
743.961666
744.961659
745.961653
746.961647
747.961640
748.961634
749.961661
750.961654
751.961648
752.961641
753.961635
754.961628
755.961655
756.961649
757.961642
758.961636
759.961629
760.961656
761.961650
762.961643
763.961637
764.961630
765.961624
766.961651
767.961644
768.961638
769.961631
770.961625
771.961619
772.961645
773.961639
774.961633
775.961626
776.961620
777.961646
778.961640
779.961634
780.961627
781.961621
782.961614
783.961641
784.961635
785.961628
786.961622
787.961615
788.961609
789.961636
790.961629
791.961623
792.961616
793.961610
794.961603
795.961630
796.961624
797.961617
798.961611
799.961605
800.961631
801.961625
802.961618
803.961612
804.961606
805.961599
806.961626
807.961620
808.961613
809.961607
810.961600
811.961594
812.961621
813.961614
814.961608
815.961601
816.961595
817.961622
818.961615
819.961609
820.961602
821.961596
822.961589
823.961616
824.961610
825.961603
826.961597
827.961591
828.961584
829.961611
830.961604
831.961598
832.961592
833.961585
834.961612
835.961606
836.961599
837.961593
838.961586
839.961580
840.961607
841.961600
842.961594
843.961587
844.961581
845.961574
846.961601
847.961595
848.961588
849.961582
850.961575
851.961602
852.961596
853.961589
854.961583
855.961576
856.961570
857.961597
858.961590
859.961584
860.961578
861.961571
862.961565
863.961592
864.961585
865.961579
866.961572
867.961566
868.961593
869.961586
870.961580
871.961573
872.961567
873.961560
874.961587
875.961581
876.961574
877.961568
878.961561
879.961555
880.961582
881.961575
882.961569
883.961562
884.961556
885.961550
886.961576
887.961570
888.961564
889.961557
890.961551
891.961578
892.961571
893.961565
894.961558
895.961552
896.961545
897.961572
898.961566
899.961559
900.961553
901.961546
902.961540
903.961567
904.961560
905.961554
906.961547
907.961541
908.961568
909.961561
910.961555
911.961548
912.961542
913.961536
914.961562
915.961556
916.961550
917.961543
918.961537
919.961530
920.961557
921.961551
922.961544
923.961538
924.961531
925.961525
926.961552
927.961545
928.961539
929.961532
930.961526
931.961553
932.961546
933.961540
934.961533
935.961527
936.961520
937.961547
938.961541
939.961534
940.961528
941.961522
942.961515
943.961542
944.961536
945.961529
946.961523
947.961516
948.961543
949.961537
950.961530
951.961524
952.961517
953.961511
954.961538
955.961531
956.961525
957.961518
958.961512
959.961505
960.961532
961.961526
962.961519
963.961513
964.961506
965.961533
966.961527
967.961520
968.961514
969.961508
970.961501
971.961528
972.961521
973.961515
974.961509
975.961502
976.961496
977.961523
978.961516
979.961510
980.961503
981.961497
982.961490
983.961517
984.961511
985.961504
986.961498
987.961491
988.961518
989.961512
990.961505
991.961499
992.961492
993.961486
994.961513
995.961506
996.961500
997.961493
998.961487
999.961481
1000.961507
1001.961501
1002.961495
1003.961488
1004.961482
1005.961509
1006.961502
1007.961496
1008.961489
1009.961483
1010.961476
1011.961503
1012.961497
1013.961490
1014.961484
1015.961477
1016.961471
1017.961498
1018.961491
1019.961485
1020.961478
1021.961472
1022.961499
1023.961492
1024.961486
1025.961479
1026.961473
1027.961467
1028.961493
1029.961487
1030.961481
1031.961474
1032.961468
1033.961461
1034.961488
1035.961482
1036.961475
1037.961469
1038.961462
1039.961489
1040.961483
1041.961476
1042.961470
1043.961463
1044.961457
1045.961484
1046.961477
1047.961471
1048.961464
1049.961458
1050.961451
1051.961478
1052.961472
1053.961465
1054.961459
1055.961453
1056.961446
1057.961473
1058.961467
1059.961460
1060.961454
1061.961447
1062.961474
1063.961468
1064.961461
1065.961455
1066.961448
1067.961442
1068.961469
1069.961462
1070.961456
1071.961449
1072.961443
1073.961436
1074.961463
1075.961457
1076.961450
1077.961444
1078.961437
1079.961431
1080.961458
1081.961451
1082.961445
1083.961439
1084.961432
1085.961459
1086.961453
1087.961446
1088.961440
1089.961433
1090.961427
1091.961454
1092.961447
1093.961441
1094.961434
1095.961428
1096.961421
1097.961448
1098.961442
1099.961435
1100.961429
1101.961422
1102.961416
1103.961443
1104.961436
1105.961430
1106.961423
1107.961417
1108.961444
1109.961437
1110.961431
1111.961425
1112.961418
1113.961412
1114.961438
1115.961432
1116.961426
1117.961419
1118.961413
1119.961406
1120.961433
1121.961427
1122.961420
1123.961414
1124.961407
1125.961434
1126.961428
1127.961421
1128.961415
1129.961408
1130.961402
1131.961429
1132.961422
1133.961416
1134.961409
1135.961403
1136.961397
1137.961423
1138.961417
1139.961411
1140.961404
1141.961398
1142.961424
1143.961418
1144.961412
1145.961405
1146.961399
1147.961392
1148.961419
1149.961413
1150.961406
1151.961400
1152.961393
1153.961387
1154.961414
1155.961407
1156.961401
1157.961394
1158.961388
1159.961415
1160.961408
1161.961402
1162.961395
1163.961389
1164.961383
1165.961409
1166.961403
1167.961396
1168.961390
1169.961384
1170.961377
1171.961404
1172.961398
1173.961391
1174.961385
1175.961378
1176.961405
1177.961399
1178.961392
1179.961386
1180.961379
1181.961373
1182.961400
1183.961393
1184.961387
1185.961380
1186.961374
1187.961367
1188.961394
1189.961388
1190.961381
1191.961375
1192.961368
1193.961362
1194.961389
1195.961382
1196.961376
1197.961370
1198.961363
1199.961390
1200.961384
1201.961377
1202.961371
1203.961364
1204.961358
1205.961385
1206.961378
1207.961372
1208.961365
1209.961359
1210.961352
1211.961379
1212.961373
1213.961366
1214.961360
1215.961353
1216.961380
1217.961374
1218.961367
1219.961361
1220.961354
1221.961348
1222.961375
1223.961368
1224.961362
1225.961356
1226.961349
1227.961343
