0.962624
1.962624
2.962624
3.962624
4.962624
5.962624
6.962624
7.962624
8.962624
9.962624
10.962624
11.962624
12.962624
13.962624
14.962624
15.962624
16.962624
17.962624
18.962624
19.962624
20.962624
21.962624
22.962624
23.962624
24.962624
25.962624
26.962624
27.962624
28.962624
29.962624
30.962624
31.962624
32.962624
33.962624
34.962624
35.962624
36.962624
37.962624
38.962624
39.962624
40.962624
41.962624
42.962624
43.962624
44.962624
45.962624
46.962624
47.962624
48.962624
49.962624
50.962624
51.962624
52.962624
53.962624
54.962624
55.962624
56.962624
57.962624
58.962624
59.962624
60.962624
61.962624
62.962624
63.962624
64.962624
65.962624
66.962592
67.962592
68.962592
69.962592
70.962592
71.962592
72.962592
73.962592
74.962592
75.962592
76.962592
77.962592
78.962592
79.962592
80.962592
81.962592
82.962592
83.962592
84.962592
85.962592
86.962592
87.962592
88.962592
89.962592
90.962592
91.962592
92.962592
93.962592
94.962592
95.962592
96.962592
97.962592
98.962592
99.962592
100.962592
101.962592
102.962592
103.962592
104.962592
105.962592
106.962592
107.962592
108.962592
109.962592
110.962592
111.962592
112.962592
113.962592
114.962592
115.962592
116.962592
117.962592
118.962592
119.962592
120.962592
121.962592
122.962592
123.962592
124.962592
125.962592
126.962592
127.962592
128.962592
129.962592
130.962560
131.962560
132.962560
133.962560
134.962560
135.962560
136.962560
137.962560
138.962560
139.962560
140.962560
141.962560
142.962560
143.962560
144.962560
145.962560
146.962560
147.962560
148.962560
149.962560
150.962560
151.962560
152.962560
153.962560
154.962560
155.962560
156.962560
157.962560
158.962560
159.962560
160.962560
161.962560
162.962560
163.962560
164.962560
165.962560
166.962560
167.962560
168.962560
169.962560
170.962560
171.962560
172.962560
173.962560
174.962560
175.962560
176.962560
177.962560
178.962560
179.962560
180.962560
181.962560
182.962560
183.962560
184.962560
185.962560
186.962560
187.962560
188.962560
189.962560
190.962560
191.962560
192.962528
193.962528
194.962528
195.962528
196.962528
197.962528
198.962528
199.962528
200.962528
201.962528
202.962528
203.962528
204.962528
205.962528
206.962528
207.962528
208.962528
209.962528
210.962528
211.962528
212.962528
213.962528
214.962528
215.962528
216.962528
217.962528
218.962528
219.962528
220.962528
221.962528
222.962528
223.962528
224.962528
225.962528
226.962528
227.962528
228.962528
229.962528
230.962528
231.962528
232.962528
233.962528
234.962528
235.962528
236.962528
237.962528
238.962528
239.962528
240.962528
241.962528
242.962528
243.962528
244.962528
245.962528
246.962528
247.962528
248.962528
249.962528
250.962528
251.962528
252.962528
253.962528
254.962528
255.962528
256.962528
257.962496
258.962496
259.962496
260.962496
261.962496
262.962496
263.962496
264.962496
265.962496
266.962496
267.962496
268.962496
269.962496
270.962496
271.962496
272.962496
273.962496
274.962496
275.962496
276.962496
277.962496
278.962496
279.962496
280.962496
281.962496
282.962496
283.962496
284.962496
285.962496
286.962496
287.962496
288.962496
289.962496
290.962496
291.962496
292.962496
293.962496
294.962496
295.962496
296.962496
297.962496
298.962496
299.962496
300.962496
301.962496
302.962496
303.962496
304.962496
305.962496
306.962496
307.962496
308.962496
309.962496
310.962496
311.962496
312.962496
313.962496
314.962496
315.962496
316.962496
317.962496
318.962496
319.962496
320.962496
321.962496
322.962496
323.962496
324.962496
325.962464
326.962464
327.962464
328.962464
329.962464
330.962464
331.962464
332.962464
333.962464
334.962464
335.962464
336.962464
337.962464
338.962464
339.962464
340.962464
341.962464
342.962464
343.962464
344.962464
345.962464
346.962464
347.962464
348.962464
349.962464
350.962464
351.962464
352.962464
353.962464
354.962464
355.962464
356.962464
357.962464
358.962464
359.962464
360.962464
361.962464
362.962464
363.962464
364.962464
365.962464
366.962464
367.962464
368.962464
369.962464
370.962464
371.962464
372.962464
373.962464
374.962464
375.962464
376.962464
377.962464
378.962464
379.962464
380.962464
381.962464
382.962464
383.962464
384.962464
385.962464
386.962432
387.962432
388.962432
389.962432
390.962432
391.962432
392.962432
393.962432
394.962432
395.962432
396.962432
397.962432
398.962432
399.962432
400.962432
401.962432
402.962432
403.962432
404.962432
405.962432
406.962432
407.962432
408.962432
409.962432
410.962432
411.962432
412.962432
413.962432
414.962432
415.962432
416.962432
417.962432
418.962432
419.962432
420.962432
421.962432
422.962432
423.962432
424.962432
425.962432
426.962432
427.962432
428.962432
429.962432
430.962432
431.962432
432.962432
433.962432
434.962432
435.962432
436.962432
437.962432
438.962432
439.962432
440.962432
441.962432
442.962432
443.962432
444.962432
445.962432
446.962432
447.962432
448.962432
449.962400
450.962400
451.962400
452.962400
453.962400
454.962400
455.962400
456.962400
457.962400
458.962400
459.962400
460.962400
461.962400
462.962400
463.962400
464.962400
465.962400
466.962400
467.962400
468.962400
469.962400
470.962400
471.962400
472.962400
473.962400
474.962400
475.962400
476.962400
477.962400
478.962400
479.962400
480.962400
481.962400
482.962400
483.962400
484.962400
485.962400
486.962400
487.962400
488.962400
489.962400
490.962400
491.962400
492.962400
493.962400
494.962400
495.962400
496.962400
497.962400
498.962400
499.962400
500.962400
501.962400
502.962400
503.962400
504.962400
505.962400
506.962400
507.962400
508.962400
509.962368
510.962368
511.962368
512.962368
513.962368
514.962368
515.962368
516.962368
517.962368
518.962368
519.962368
520.962368
521.962368
522.962368
523.962368
524.962368
525.962368
526.962368
527.962368
528.962368
529.962368
530.962368
531.962368
532.962368
533.962368
534.962368
535.962368
536.962368
537.962368
538.962368
539.962368
540.962368
541.962368
542.962368
543.962368
544.962368
545.962368
546.962368
547.962368
548.962368
549.962368
550.962368
551.962368
552.962368
553.962368
554.962368
555.962368
556.962368
557.962368
558.962368
559.962368
560.962336
561.962336
562.962336
563.962336
564.962336
565.962336
566.962336
567.962336
568.962336
569.962336
570.962336
571.962336
572.962336
573.962336
574.962336
575.962336
576.962336
577.962336
578.962336
579.962336
580.962336
581.962336
582.962336
583.962336
584.962336
585.962336
586.962336
587.962336
588.962336
589.962336
590.962336
591.962336
592.962336
593.962336
594.962336
595.962336
596.962336
597.962336
598.962336
599.962336
600.962336
601.962336
602.962336
603.962336
604.962336
605.962336
606.962336
607.962336
608.962336
609.962336
610.962304
611.962304
612.962304
613.962304
614.962304
615.962304
616.962304
617.962304
618.962304
619.962304
620.962304
621.962304
622.962304
623.962304
624.962304
625.962304
626.962304
627.962304
628.962304
629.962304
630.962304
631.962304
632.962304
633.962304
634.962304
635.962304
636.962304
637.962304
638.962304
639.962304
640.962304
641.962304
642.962304
643.962304
644.962304
645.962304
646.962304
647.962304
648.962304
649.962304
650.962304
651.962304
652.962304
653.962304
654.962304
655.962304
656.962304
657.962304
658.962304
659.962272
660.962272
661.962272
662.962272
663.962272
664.962272
665.962272
666.962272
667.962272
668.962272
669.962272
670.962272
671.962272
672.962272
673.962272
674.962272
675.962272
676.962272
677.962272
678.962272
679.962272
680.962272
681.962272
682.962272
683.962272
684.962272
685.962272
686.962272
687.962272
688.962272
689.962272
690.962272
691.962272
692.962272
693.962272
694.962272
695.962272
696.962272
697.962272
698.962272
699.962272
700.962272
701.962272
702.962272
703.962272
704.962272
705.962272
706.962272
707.962272
708.962272
709.962272
710.962240
711.962240
712.962240
713.962240
714.962240
715.962240
716.962240
717.962240
718.962240
719.962240
720.962240
721.962240
722.962240
723.962240
724.962240
725.962240
726.962240
727.962240
728.962240
729.962240
730.962240
731.962240
732.962240
733.962240
734.962240
735.962240
736.962240
737.962240
738.962240
739.962240
740.962240
741.962240
742.962240
743.962240
744.962240
745.962240
746.962240
747.962240
748.962240
749.962240
750.962240
751.962240
752.962240
753.962240
754.962240
755.962240
756.962240
757.962240
758.962240
759.962240
760.962240
761.962240
762.962208
763.962208
764.962208
765.962208
766.962208
767.962208
768.962208
769.962208
770.962208
771.962208
772.962208
773.962208
774.962208
775.962208
776.962208
777.962208
778.962208
779.962208
780.962208
781.962208
782.962208
783.962208
784.962208
785.962208
786.962208
787.962208
788.962208
789.962208
790.962208
791.962208
792.962208
793.962208
794.962208
795.962208
796.962208
797.962208
798.962208
799.962208
800.962208
801.962208
802.962208
803.962208
804.962208
805.962208
806.962208
807.962208
808.962208
809.962208
810.962208
811.962208
812.962176
813.962176
814.962176
815.962176
816.962176
817.962176
818.962176
819.962176
820.962176
821.962176
822.962176
823.962176
824.962176
825.962176
826.962176
827.962176
828.962176
829.962176
830.962176
831.962176
832.962176
833.962176
834.962176
835.962176
836.962176
837.962176
838.962176
839.962176
840.962176
841.962176
842.962176
843.962176
844.962176
845.962176
846.962176
847.962176
848.962176
849.962176
850.962176
851.962176
852.962176
853.962176
854.962176
855.962176
856.962176
857.962176
858.962176
859.962176
860.962176
861.962144
862.962144
863.962144
864.962144
865.962144
866.962144
867.962144
868.962144
869.962144
870.962144
871.962144
872.962144
873.962144
874.962144
875.962144
876.962144
877.962144
878.962144
879.962144
880.962144
881.962144
882.962144
883.962144
884.962144
885.962144
886.962144
887.962144
888.962144
889.962144
890.962144
891.962144
892.962144
893.962144
894.962144
895.962144
896.962144
897.962144
898.962144
899.962144
900.962144
901.962144
902.962144
903.962144
904.962144
905.962144
906.962144
907.962144
908.962112
909.962112
910.962112
911.962112
912.962112
913.962112
914.962112
915.962112
916.962112
917.962112
918.962112
919.962112
920.962112
921.962112
922.962112
923.962112
924.962112
925.962112
926.962112
927.962112
928.962112
929.962112
930.962112
931.962112
932.962112
933.962112
934.962112
935.962112
936.962112
937.962112
938.962112
939.962112
940.962112
941.962112
942.962112
943.962112
944.962112
945.962112
946.962112
947.962112
948.962112
949.962112
950.962112
951.962112
952.962112
953.962112
954.962112
955.962080
956.962080
957.962080
958.962080
959.962080
960.962080
961.962080
962.962080
963.962080
964.962080
965.962080
966.962080
967.962080
968.962080
969.962080
970.962080
971.962080
972.962080
973.962080
974.962080
975.962080
976.962080
977.962080
978.962080
979.962080
980.962080
981.962080
982.962080
983.962080
984.962080
985.962080
986.962080
987.962080
988.962080
989.962080
990.962080
991.962080
992.962080
993.962080
994.962080
995.962080
996.962080
997.962080
998.962080
999.962080
1000.962080
1001.962048
1002.962048
1003.962048
1004.962048
1005.962048
1006.962048
1007.962048
1008.962048
1009.962048
1010.962048
1011.962048
1012.962048
1013.962048
1014.962048
1015.962048
1016.962048
1017.962048
1018.962048
1019.962048
1020.962048
1021.962048
1022.962048
1023.962048
1024.962048
1025.962048
1026.962048
1027.962048
1028.962048
1029.962048
1030.962048
1031.962048
1032.962048
1033.962048
1034.962048
1035.962048
1036.962048
1037.962048
1038.962048
1039.962048
1040.962048
1041.962048
1042.962048
1043.962048
1044.962048
1045.962048
1046.962048
1047.962048
1048.962048
1049.962048
1050.962016
1051.962016
1052.962016
1053.962016
1054.962016
1055.962016
1056.962016
1057.962016
1058.962016
1059.962016
1060.962016
1061.962016
1062.962016
1063.962016
1064.962016
1065.962016
1066.962016
1067.962016
1068.962016
1069.962016
1070.962016
1071.962016
1072.962016
1073.962016
1074.962016
1075.962016
1076.962016
1077.962016
1078.962016
1079.962016
1080.962016
1081.962016
1082.962016
1083.962016
1084.962016
1085.962016
1086.962016
1087.962016
1088.962016
1089.962016
1090.962016
1091.962016
1092.962016
1093.962016
1094.962016
1095.962016
1096.961984
1097.961984
1098.961984
1099.961984
1100.961984
1101.961984
1102.961984
1103.961984
1104.961984
1105.961984
1106.961984
1107.961984
1108.961984
1109.961984
1110.961984
1111.961984
1112.961984
1113.961984
1114.961984
1115.961984
1116.961984
1117.961984
1118.961984
1119.961984
1120.961984
1121.961984
1122.961984
1123.961984
1124.961984
1125.961984
1126.961984
1127.961984
1128.961984
1129.961984
1130.961984
1131.961984
1132.961984
1133.961984
1134.961984
1135.961984
1136.961984
1137.961984
1138.961984
1139.961984
1140.961984
1141.961984
1142.961984
1143.961984
1144.961952
1145.961952
1146.961952
1147.961952
1148.961952
1149.961952
1150.961952
1151.961952
1152.961952
1153.961952
1154.961952
1155.961952
1156.961952
1157.961952
1158.961952
1159.961952
1160.961952
1161.961952
1162.961952
1163.961952
1164.961952
1165.961952
1166.961952
1167.961952
1168.961952
1169.961952
1170.961952
1171.961952
1172.961952
1173.961952
1174.961952
1175.961952
1176.961952
1177.961952
1178.961952
1179.961952
1180.961952
1181.961952
1182.961952
1183.961952
1184.961952
1185.961952
1186.961952
1187.961952
1188.961952
1189.961952
1190.961952
1191.961952
1192.961952
1193.961920
1194.961920
1195.961920
1196.961920
1197.961920
1198.961920
1199.961920
1200.961920
1201.961920
1202.961920
1203.961920
1204.961920
1205.961920
1206.961920
1207.961920
1208.961920
1209.961920
1210.961920
1211.961920
1212.961920
1213.961920
1214.961920
1215.961920
1216.961920
1217.961920
1218.961920
1219.961920
1220.961920
1221.961920
1222.961920
1223.961920
1224.961920
1225.961920
1226.961920
1227.961920
