0.962016
1.962016
2.962016
3.962016
4.962016
5.962016
6.962016
7.962016
8.962016
9.962016
10.962016
11.962016
12.962016
13.962016
14.962016
15.962016
16.962016
17.962016
18.962016
19.962016
20.962016
21.962016
22.962016
23.962016
24.962016
25.962016
26.962016
27.962016
28.962016
29.962016
30.962016
31.962016
32.962016
33.962016
34.962016
35.962016
36.962016
37.962016
38.962016
39.962016
40.962016
41.962016
42.962016
43.962016
44.962016
45.962016
46.962016
47.962016
48.962016
49.962016
50.962016
51.962016
52.962016
53.962016
54.962016
55.962016
56.962016
57.962016
58.962016
59.962016
60.962016
61.962016
62.962016
63.962016
64.962016
65.962016
66.962016
67.961984
68.961984
69.961984
70.961984
71.961984
72.961984
73.961984
74.961984
75.961984
76.961984
77.961984
78.961984
79.961984
80.961984
81.961984
82.961984
83.961984
84.961984
85.961984
86.961984
87.961984
88.961984
89.961984
90.961984
91.961984
92.961984
93.961984
94.961984
95.961984
96.961984
97.961984
98.961984
99.961984
100.961984
101.961984
102.961984
103.961984
104.961984
105.961984
106.961984
107.961984
108.961984
109.961984
110.961984
111.961984
112.961984
113.961984
114.961984
115.961984
116.961984
117.961984
118.961984
119.961984
120.961984
121.961984
122.961984
123.961984
124.961984
125.961984
126.961984
127.961984
128.961984
129.961984
130.961984
131.961952
132.961952
133.961952
134.961952
135.961952
136.961952
137.961952
138.961952
139.961952
140.961952
141.961952
142.961952
143.961952
144.961952
145.961952
146.961952
147.961952
148.961952
149.961952
150.961952
151.961952
152.961952
153.961952
154.961952
155.961952
156.961952
157.961952
158.961952
159.961952
160.961952
161.961952
162.961952
163.961952
164.961952
165.961952
166.961952
167.961952
168.961952
169.961952
170.961952
171.961952
172.961952
173.961952
174.961952
175.961952
176.961952
177.961952
178.961952
179.961952
180.961952
181.961952
182.961952
183.961952
184.961952
185.961952
186.961952
187.961952
188.961952
189.961952
190.961952
191.961952
192.961952
193.961920
194.961920
195.961920
196.961920
197.961920
198.961920
199.961920
200.961920
201.961920
202.961920
203.961920
204.961920
205.961920
206.961920
207.961920
208.961920
209.961920
210.961920
211.961920
212.961920
213.961920
214.961920
215.961920
216.961920
217.961920
218.961920
219.961920
220.961920
221.961920
222.961920
223.961920
224.961920
225.961920
226.961920
227.961920
228.961920
229.961920
230.961920
231.961920
232.961920
233.961920
234.961920
235.961920
236.961920
237.961920
238.961920
239.961920
240.961920
241.961920
242.961920
243.961920
244.961920
245.961920
246.961920
247.961920
248.961920
249.961920
250.961920
251.961920
252.961920
253.961920
254.961920
255.961920
256.961920
257.961888
258.961888
259.961888
260.961888
261.961888
262.961888
263.961888
264.961888
265.961888
266.961888
267.961888
268.961888
269.961888
270.961888
271.961888
272.961888
273.961888
274.961888
275.961888
276.961888
277.961888
278.961888
279.961888
280.961888
281.961888
282.961888
283.961888
284.961888
285.961888
286.961888
287.961888
288.961888
289.961888
290.961888
291.961888
292.961888
293.961888
294.961888
295.961888
296.961888
297.961888
298.961888
299.961888
300.961888
301.961888
302.961888
303.961888
304.961888
305.961888
306.961888
307.961888
308.961888
309.961888
310.961888
311.961888
312.961888
313.961888
314.961888
315.961888
316.961888
317.961888
318.961888
319.961888
320.961888
321.961888
322.961888
323.961888
324.961888
325.961888
326.961856
327.961856
328.961856
329.961856
330.961856
331.961856
332.961856
333.961856
334.961856
335.961856
336.961856
337.961856
338.961856
339.961856
340.961856
341.961856
342.961856
343.961856
344.961856
345.961856
346.961856
347.961856
348.961856
349.961856
350.961856
351.961856
352.961856
353.961856
354.961856
355.961856
356.961856
357.961856
358.961856
359.961856
360.961856
361.961856
362.961856
363.961856
364.961856
365.961856
366.961856
367.961856
368.961856
369.961856
370.961856
371.961856
372.961856
373.961856
374.961856
375.961856
376.961856
377.961856
378.961856
379.961856
380.961856
381.961856
382.961856
383.961856
384.961856
385.961856
386.961856
387.961824
388.961824
389.961824
390.961824
391.961824
392.961824
393.961824
394.961824
395.961824
396.961824
397.961824
398.961824
399.961824
400.961824
401.961824
402.961824
403.961824
404.961824
405.961824
406.961824
407.961824
408.961824
409.961824
410.961824
411.961824
412.961824
413.961824
414.961824
415.961824
416.961824
417.961824
418.961824
419.961824
420.961824
421.961824
422.961824
423.961824
424.961824
425.961824
426.961824
427.961824
428.961824
429.961824
430.961824
431.961824
432.961824
433.961824
434.961824
435.961824
436.961824
437.961824
438.961824
439.961824
440.961824
441.961824
442.961824
443.961824
444.961824
445.961824
446.961824
447.961824
448.961824
449.961824
450.961792
451.961792
452.961792
453.961792
454.961792
455.961792
456.961792
457.961792
458.961792
459.961792
460.961792
461.961792
462.961792
463.961792
464.961792
465.961792
466.961792
467.961792
468.961792
469.961792
470.961792
471.961792
472.961792
473.961792
474.961792
475.961792
476.961792
477.961792
478.961792
479.961792
480.961792
481.961792
482.961792
483.961792
484.961792
485.961792
486.961792
487.961792
488.961792
489.961792
490.961792
491.961792
492.961792
493.961792
494.961792
495.961792
496.961792
497.961792
498.961792
499.961792
500.961792
501.961792
502.961792
503.961792
504.961792
505.961792
506.961792
507.961792
508.961792
509.961760
510.961760
511.961760
512.961760
513.961760
514.961760
515.961760
516.961760
517.961760
518.961760
519.961760
520.961760
521.961760
522.961760
523.961760
524.961760
525.961760
526.961760
527.961760
528.961760
529.961760
530.961760
531.961760
532.961760
533.961760
534.961760
535.961760
536.961760
537.961760
538.961760
539.961760
540.961760
541.961760
542.961760
543.961760
544.961760
545.961760
546.961760
547.961760
548.961760
549.961760
550.961760
551.961760
552.961760
553.961760
554.961760
555.961760
556.961760
557.961760
558.961760
559.961760
560.961760
561.961728
562.961728
563.961728
564.961728
565.961728
566.961728
567.961728
568.961728
569.961728
570.961728
571.961728
572.961728
573.961728
574.961728
575.961728
576.961728
577.961728
578.961728
579.961728
580.961728
581.961728
582.961728
583.961728
584.961728
585.961728
586.961728
587.961728
588.961728
589.961728
590.961728
591.961728
592.961728
593.961728
594.961728
595.961728
596.961728
597.961728
598.961728
599.961728
600.961728
601.961728
602.961728
603.961728
604.961728
605.961728
606.961728
607.961728
608.961728
609.961728
610.961728
611.961696
612.961696
613.961696
614.961696
615.961696
616.961696
617.961696
618.961696
619.961696
620.961696
621.961696
622.961696
623.961696
624.961696
625.961696
626.961696
627.961696
628.961696
629.961696
630.961696
631.961696
632.961696
633.961696
634.961696
635.961696
636.961696
637.961696
638.961696
639.961696
640.961696
641.961696
642.961696
643.961696
644.961696
645.961696
646.961696
647.961696
648.961696
649.961696
650.961696
651.961696
652.961696
653.961696
654.961696
655.961696
656.961696
657.961696
658.961696
659.961696
660.961664
661.961664
662.961664
663.961664
664.961664
665.961664
666.961664
667.961664
668.961664
669.961664
670.961664
671.961664
672.961664
673.961664
674.961664
675.961664
676.961664
677.961664
678.961664
679.961664
680.961664
681.961664
682.961664
683.961664
684.961664
685.961664
686.961664
687.961664
688.961664
689.961664
690.961664
691.961664
692.961664
693.961664
694.961664
695.961664
696.961664
697.961664
698.961664
699.961664
700.961664
701.961664
702.961664
703.961664
704.961664
705.961664
706.961664
707.961664
708.961664
709.961664
710.961664
711.961632
712.961632
713.961632
714.961632
715.961632
716.961632
717.961632
718.961632
719.961632
720.961632
721.961632
722.961632
723.961632
724.961632
725.961632
726.961632
727.961632
728.961632
729.961632
730.961632
731.961632
732.961632
733.961632
734.961632
735.961632
736.961632
737.961632
738.961632
739.961632
740.961632
741.961632
742.961632
743.961632
744.961632
745.961632
746.961632
747.961632
748.961632
749.961632
750.961632
751.961632
752.961632
753.961632
754.961632
755.961632
756.961632
757.961632
758.961632
759.961632
760.961632
761.961632
762.961632
763.961600
764.961600
765.961600
766.961600
767.961600
768.961600
769.961600
770.961600
771.961600
772.961600
773.961600
774.961600
775.961600
776.961600
777.961600
778.961600
779.961600
780.961600
781.961600
782.961600
783.961600
784.961600
785.961600
786.961600
787.961600
788.961600
789.961600
790.961600
791.961600
792.961600
793.961600
794.961600
795.961600
796.961600
797.961600
798.961600
799.961600
800.961600
801.961600
802.961600
803.961600
804.961600
805.961600
806.961600
807.961600
808.961600
809.961600
810.961600
811.961600
812.961600
813.961568
814.961568
815.961568
816.961568
817.961568
818.961568
819.961568
820.961568
821.961568
822.961568
823.961568
824.961568
825.961568
826.961568
827.961568
828.961568
829.961568
830.961568
831.961568
832.961568
833.961568
834.961568
835.961568
836.961568
837.961568
838.961568
839.961568
840.961568
841.961568
842.961568
843.961568
844.961568
845.961568
846.961568
847.961568
848.961568
849.961568
850.961568
851.961568
852.961568
853.961568
854.961568
855.961568
856.961568
857.961568
858.961568
859.961568
860.961568
861.961568
862.961536
863.961536
864.961536
865.961536
866.961536
867.961536
868.961536
869.961536
870.961536
871.961536
872.961536
873.961536
874.961536
875.961536
876.961536
877.961536
878.961536
879.961536
880.961536
881.961536
882.961536
883.961536
884.961536
885.961536
886.961536
887.961536
888.961536
889.961536
890.961536
891.961536
892.961536
893.961536
894.961536
895.961536
896.961536
897.961536
898.961536
899.961536
900.961536
901.961536
902.961536
903.961536
904.961536
905.961536
906.961536
907.961536
908.961536
909.961504
910.961504
911.961504
912.961504
913.961504
914.961504
915.961504
916.961504
917.961504
918.961504
919.961504
920.961504
921.961504
922.961504
923.961504
924.961504
925.961504
926.961504
927.961504
928.961504
929.961504
930.961504
931.961504
932.961504
933.961504
934.961504
935.961504
936.961504
937.961504
938.961504
939.961504
940.961504
941.961504
942.961504
943.961504
944.961504
945.961504
946.961504
947.961504
948.961504
949.961504
950.961504
951.961504
952.961504
953.961504
954.961504
955.961472
956.961472
957.961472
958.961472
959.961472
960.961472
961.961472
962.961472
963.961472
964.961472
965.961472
966.961472
967.961472
968.961472
969.961472
970.961472
971.961472
972.961472
973.961472
974.961472
975.961472
976.961472
977.961472
978.961472
979.961472
980.961472
981.961472
982.961472
983.961472
984.961472
985.961472
986.961472
987.961472
988.961472
989.961472
990.961472
991.961472
992.961472
993.961472
994.961472
995.961472
996.961472
997.961472
998.961472
999.961472
1000.961472
1001.961472
1002.961440
1003.961440
1004.961440
1005.961440
1006.961440
1007.961440
1008.961440
1009.961440
1010.961440
1011.961440
1012.961440
1013.961440
1014.961440
1015.961440
1016.961440
1017.961440
1018.961440
1019.961440
1020.961440
1021.961440
1022.961440
1023.961440
1024.961440
1025.961440
1026.961440
1027.961440
1028.961440
1029.961440
1030.961440
1031.961440
1032.961440
1033.961440
1034.961440
1035.961440
1036.961440
1037.961440
1038.961440
1039.961440
1040.961440
1041.961440
1042.961440
1043.961440
1044.961440
1045.961440
1046.961440
1047.961440
1048.961440
1049.961440
1050.961440
1051.961408
1052.961408
1053.961408
1054.961408
1055.961408
1056.961408
1057.961408
1058.961408
1059.961408
1060.961408
1061.961408
1062.961408
1063.961408
1064.961408
1065.961408
1066.961408
1067.961408
1068.961408
1069.961408
1070.961408
1071.961408
1072.961408
1073.961408
1074.961408
1075.961408
1076.961408
1077.961408
1078.961408
1079.961408
1080.961408
1081.961408
1082.961408
1083.961408
1084.961408
1085.961408
1086.961408
1087.961408
1088.961408
1089.961408
1090.961408
1091.961408
1092.961408
1093.961408
1094.961408
1095.961408
1096.961408
1097.961376
1098.961376
1099.961376
1100.961376
1101.961376
1102.961376
1103.961376
1104.961376
1105.961376
1106.961376
1107.961376
1108.961376
1109.961376
1110.961376
1111.961376
1112.961376
1113.961376
1114.961376
1115.961376
1116.961376
1117.961376
1118.961376
1119.961376
1120.961376
1121.961376
1122.961376
1123.961376
1124.961376
1125.961376
1126.961376
1127.961376
1128.961376
1129.961376
1130.961376
1131.961376
1132.961376
1133.961376
1134.961376
1135.961376
1136.961376
1137.961376
1138.961376
1139.961376
1140.961376
1141.961376
1142.961376
1143.961376
1144.961376
1145.961344
1146.961344
1147.961344
1148.961344
1149.961344
1150.961344
1151.961344
1152.961344
1153.961344
1154.961344
1155.961344
1156.961344
1157.961344
1158.961344
1159.961344
1160.961344
1161.961344
1162.961344
1163.961344
1164.961344
1165.961344
1166.961344
1167.961344
1168.961344
1169.961344
1170.961344
1171.961344
1172.961344
1173.961344
1174.961344
1175.961344
1176.961344
1177.961344
1178.961344
1179.961344
1180.961344
1181.961344
1182.961344
1183.961344
1184.961344
1185.961344
1186.961344
1187.961344
1188.961344
1189.961344
1190.961344
1191.961344
1192.961344
1193.961312
1194.961312
1195.961312
1196.961312
1197.961312
1198.961312
1199.961312
1200.961312
1201.961312
1202.961312
1203.961312
1204.961312
1205.961312
1206.961312
1207.961312
1208.961312
1209.961312
1210.961312
1211.961312
1212.961312
1213.961312
1214.961312
1215.961312
1216.961312
1217.961312
1218.961312
1219.961312
1220.961312
1221.961312
1222.961312
1223.961312
1224.961312
1225.961312
1226.961312
1227.961312
