0.962176
1.962176
2.962176
3.962176
4.962176
5.962176
6.962176
7.962176
8.962176
9.962176
10.962176
11.962176
12.962176
13.962176
14.962176
15.962176
16.962176
17.962176
18.962176
19.962176
20.962176
21.962176
22.962176
23.962176
24.962176
25.962176
26.962176
27.962176
28.962176
29.962176
30.962176
31.962176
32.962176
33.962176
34.962176
35.962176
36.962176
37.962176
38.962176
39.962176
40.962176
41.962176
42.962176
43.962176
44.962176
45.962176
46.962176
47.962176
48.962176
49.962176
50.962176
51.962176
52.962176
53.962176
54.962176
55.962176
56.962176
57.962176
58.962176
59.962176
60.962176
61.962176
62.962176
63.962176
64.962176
65.962176
66.962176
67.962144
68.962144
69.962144
70.962144
71.962144
72.962144
73.962144
74.962144
75.962144
76.962144
77.962144
78.962144
79.962144
80.962144
81.962144
82.962144
83.962144
84.962144
85.962144
86.962144
87.962144
88.962144
89.962144
90.962144
91.962144
92.962144
93.962144
94.962144
95.962144
96.962144
97.962144
98.962144
99.962144
100.962144
101.962144
102.962144
103.962144
104.962144
105.962144
106.962144
107.962144
108.962144
109.962144
110.962144
111.962144
112.962144
113.962144
114.962144
115.962144
116.962144
117.962144
118.962144
119.962144
120.962144
121.962144
122.962144
123.962144
124.962144
125.962144
126.962144
127.962144
128.962144
129.962144
130.962112
131.962112
132.962112
133.962112
134.962112
135.962112
136.962112
137.962112
138.962112
139.962112
140.962112
141.962112
142.962112
143.962112
144.962112
145.962112
146.962112
147.962112
148.962112
149.962112
150.962112
151.962112
152.962112
153.962112
154.962112
155.962112
156.962112
157.962112
158.962112
159.962112
160.962112
161.962112
162.962112
163.962112
164.962112
165.962112
166.962112
167.962112
168.962112
169.962112
170.962112
171.962112
172.962112
173.962112
174.962112
175.962112
176.962112
177.962112
178.962112
179.962112
180.962112
181.962112
182.962112
183.962112
184.962112
185.962112
186.962112
187.962112
188.962112
189.962112
190.962112
191.962112
192.962112
193.962080
194.962080
195.962080
196.962080
197.962080
198.962080
199.962080
200.962080
201.962080
202.962080
203.962080
204.962080
205.962080
206.962080
207.962080
208.962080
209.962080
210.962080
211.962080
212.962080
213.962080
214.962080
215.962080
216.962080
217.962080
218.962080
219.962080
220.962080
221.962080
222.962080
223.962080
224.962080
225.962080
226.962080
227.962080
228.962080
229.962080
230.962080
231.962080
232.962080
233.962080
234.962080
235.962080
236.962080
237.962080
238.962080
239.962080
240.962080
241.962080
242.962080
243.962080
244.962080
245.962080
246.962080
247.962080
248.962080
249.962080
250.962080
251.962080
252.962080
253.962080
254.962080
255.962080
256.962080
257.962048
258.962048
259.962048
260.962048
261.962048
262.962048
263.962048
264.962048
265.962048
266.962048
267.962048
268.962048
269.962048
270.962048
271.962048
272.962048
273.962048
274.962048
275.962048
276.962048
277.962048
278.962048
279.962048
280.962048
281.962048
282.962048
283.962048
284.962048
285.962048
286.962048
287.962048
288.962048
289.962048
290.962048
291.962048
292.962048
293.962048
294.962048
295.962048
296.962048
297.962048
298.962048
299.962048
300.962048
301.962048
302.962048
303.962048
304.962048
305.962048
306.962048
307.962048
308.962048
309.962048
310.962048
311.962048
312.962048
313.962048
314.962048
315.962048
316.962048
317.962048
318.962048
319.962048
320.962048
321.962048
322.962048
323.962048
324.962048
325.962016
326.962016
327.962016
328.962016
329.962016
330.962016
331.962016
332.962016
333.962016
334.962016
335.962016
336.962016
337.962016
338.962016
339.962016
340.962016
341.962016
342.962016
343.962016
344.962016
345.962016
346.962016
347.962016
348.962016
349.962016
350.962016
351.962016
352.962016
353.962016
354.962016
355.962016
356.962016
357.962016
358.962016
359.962016
360.962016
361.962016
362.962016
363.962016
364.962016
365.962016
366.962016
367.962016
368.962016
369.962016
370.962016
371.962016
372.962016
373.962016
374.962016
375.962016
376.962016
377.962016
378.962016
379.962016
380.962016
381.962016
382.962016
383.962016
384.962016
385.962016
386.962016
387.961984
388.961984
389.961984
390.961984
391.961984
392.961984
393.961984
394.961984
395.961984
396.961984
397.961984
398.961984
399.961984
400.961984
401.961984
402.961984
403.961984
404.961984
405.961984
406.961984
407.961984
408.961984
409.961984
410.961984
411.961984
412.961984
413.961984
414.961984
415.961984
416.961984
417.961984
418.961984
419.961984
420.961984
421.961984
422.961984
423.961984
424.961984
425.961984
426.961984
427.961984
428.961984
429.961984
430.961984
431.961984
432.961984
433.961984
434.961984
435.961984
436.961984
437.961984
438.961984
439.961984
440.961984
441.961984
442.961984
443.961984
444.961984
445.961984
446.961984
447.961984
448.961984
449.961984
450.961952
451.961952
452.961952
453.961952
454.961952
455.961952
456.961952
457.961952
458.961952
459.961952
460.961952
461.961952
462.961952
463.961952
464.961952
465.961952
466.961952
467.961952
468.961952
469.961952
470.961952
471.961952
472.961952
473.961952
474.961952
475.961952
476.961952
477.961952
478.961952
479.961952
480.961952
481.961952
482.961952
483.961952
484.961952
485.961952
486.961952
487.961952
488.961952
489.961952
490.961952
491.961952
492.961952
493.961952
494.961952
495.961952
496.961952
497.961952
498.961952
499.961952
500.961952
501.961952
502.961952
503.961952
504.961952
505.961952
506.961952
507.961952
508.961952
509.961920
510.961920
511.961920
512.961920
513.961920
514.961920
515.961920
516.961920
517.961920
518.961920
519.961920
520.961920
521.961920
522.961920
523.961920
524.961920
525.961920
526.961920
527.961920
528.961920
529.961920
530.961920
531.961920
532.961920
533.961920
534.961920
535.961920
536.961920
537.961920
538.961920
539.961920
540.961920
541.961920
542.961920
543.961920
544.961920
545.961920
546.961920
547.961920
548.961920
549.961920
550.961920
551.961920
552.961920
553.961920
554.961920
555.961920
556.961920
557.961920
558.961920
559.961920
560.961920
561.961888
562.961888
563.961888
564.961888
565.961888
566.961888
567.961888
568.961888
569.961888
570.961888
571.961888
572.961888
573.961888
574.961888
575.961888
576.961888
577.961888
578.961888
579.961888
580.961888
581.961888
582.961888
583.961888
584.961888
585.961888
586.961888
587.961888
588.961888
589.961888
590.961888
591.961888
592.961888
593.961888
594.961888
595.961888
596.961888
597.961888
598.961888
599.961888
600.961888
601.961888
602.961888
603.961888
604.961888
605.961888
606.961888
607.961888
608.961888
609.961888
610.961856
611.961856
612.961856
613.961856
614.961856
615.961856
616.961856
617.961856
618.961856
619.961856
620.961856
621.961856
622.961856
623.961856
624.961856
625.961856
626.961856
627.961856
628.961856
629.961856
630.961856
631.961856
632.961856
633.961856
634.961856
635.961856
636.961856
637.961856
638.961856
639.961856
640.961856
641.961856
642.961856
643.961856
644.961856
645.961856
646.961856
647.961856
648.961856
649.961856
650.961856
651.961856
652.961856
653.961856
654.961856
655.961856
656.961856
657.961856
658.961856
659.961856
660.961824
661.961824
662.961824
663.961824
664.961824
665.961824
666.961824
667.961824
668.961824
669.961824
670.961824
671.961824
672.961824
673.961824
674.961824
675.961824
676.961824
677.961824
678.961824
679.961824
680.961824
681.961824
682.961824
683.961824
684.961824
685.961824
686.961824
687.961824
688.961824
689.961824
690.961824
691.961824
692.961824
693.961824
694.961824
695.961824
696.961824
697.961824
698.961824
699.961824
700.961824
701.961824
702.961824
703.961824
704.961824
705.961824
706.961824
707.961824
708.961824
709.961824
710.961792
711.961792
712.961792
713.961792
714.961792
715.961792
716.961792
717.961792
718.961792
719.961792
720.961792
721.961792
722.961792
723.961792
724.961792
725.961792
726.961792
727.961792
728.961792
729.961792
730.961792
731.961792
732.961792
733.961792
734.961792
735.961792
736.961792
737.961792
738.961792
739.961792
740.961792
741.961792
742.961792
743.961792
744.961792
745.961792
746.961792
747.961792
748.961792
749.961792
750.961792
751.961792
752.961792
753.961792
754.961792
755.961792
756.961792
757.961792
758.961792
759.961792
760.961792
761.961792
762.961760
763.961760
764.961760
765.961760
766.961760
767.961760
768.961760
769.961760
770.961760
771.961760
772.961760
773.961760
774.961760
775.961760
776.961760
777.961760
778.961760
779.961760
780.961760
781.961760
782.961760
783.961760
784.961760
785.961760
786.961760
787.961760
788.961760
789.961760
790.961760
791.961760
792.961760
793.961760
794.961760
795.961760
796.961760
797.961760
798.961760
799.961760
800.961760
801.961760
802.961760
803.961760
804.961760
805.961760
806.961760
807.961760
808.961760
809.961760
810.961760
811.961760
812.961760
813.961728
814.961728
815.961728
816.961728
817.961728
818.961728
819.961728
820.961728
821.961728
822.961728
823.961728
824.961728
825.961728
826.961728
827.961728
828.961728
829.961728
830.961728
831.961728
832.961728
833.961728
834.961728
835.961728
836.961728
837.961728
838.961728
839.961728
840.961728
841.961728
842.961728
843.961728
844.961728
845.961728
846.961728
847.961728
848.961728
849.961728
850.961728
851.961728
852.961728
853.961728
854.961728
855.961728
856.961728
857.961728
858.961728
859.961728
860.961728
861.961728
862.961696
863.961696
864.961696
865.961696
866.961696
867.961696
868.961696
869.961696
870.961696
871.961696
872.961696
873.961696
874.961696
875.961696
876.961696
877.961696
878.961696
879.961696
880.961696
881.961696
882.961696
883.961696
884.961696
885.961696
886.961696
887.961696
888.961696
889.961696
890.961696
891.961696
892.961696
893.961696
894.961696
895.961696
896.961696
897.961696
898.961696
899.961696
900.961696
901.961696
902.961696
903.961696
904.961696
905.961696
906.961696
907.961696
908.961696
909.961664
910.961664
911.961664
912.961664
913.961664
914.961664
915.961664
916.961664
917.961664
918.961664
919.961664
920.961664
921.961664
922.961664
923.961664
924.961664
925.961664
926.961664
927.961664
928.961664
929.961664
930.961664
931.961664
932.961664
933.961664
934.961664
935.961664
936.961664
937.961664
938.961664
939.961664
940.961664
941.961664
942.961664
943.961664
944.961664
945.961664
946.961664
947.961664
948.961664
949.961664
950.961664
951.961664
952.961664
953.961664
954.961664
955.961632
956.961632
957.961632
958.961632
959.961632
960.961632
961.961632
962.961632
963.961632
964.961632
965.961632
966.961632
967.961632
968.961632
969.961632
970.961632
971.961632
972.961632
973.961632
974.961632
975.961632
976.961632
977.961632
978.961632
979.961632
980.961632
981.961632
982.961632
983.961632
984.961632
985.961632
986.961632
987.961632
988.961632
989.961632
990.961632
991.961632
992.961632
993.961632
994.961632
995.961632
996.961632
997.961632
998.961632
999.961632
1000.961632
1001.961600
1002.961600
1003.961600
1004.961600
1005.961600
1006.961600
1007.961600
1008.961600
1009.961600
1010.961600
1011.961600
1012.961600
1013.961600
1014.961600
1015.961600
1016.961600
1017.961600
1018.961600
1019.961600
1020.961600
1021.961600
1022.961600
1023.961600
1024.961600
1025.961600
1026.961600
1027.961600
1028.961600
1029.961600
1030.961600
1031.961600
1032.961600
1033.961600
1034.961600
1035.961600
1036.961600
1037.961600
1038.961600
1039.961600
1040.961600
1041.961600
1042.961600
1043.961600
1044.961600
1045.961600
1046.961600
1047.961600
1048.961600
1049.961600
1050.961600
1051.961568
1052.961568
1053.961568
1054.961568
1055.961568
1056.961568
1057.961568
1058.961568
1059.961568
1060.961568
1061.961568
1062.961568
1063.961568
1064.961568
1065.961568
1066.961568
1067.961568
1068.961568
1069.961568
1070.961568
1071.961568
1072.961568
1073.961568
1074.961568
1075.961568
1076.961568
1077.961568
1078.961568
1079.961568
1080.961568
1081.961568
1082.961568
1083.961568
1084.961568
1085.961568
1086.961568
1087.961568
1088.961568
1089.961568
1090.961568
1091.961568
1092.961568
1093.961568
1094.961568
1095.961568
1096.961568
1097.961536
1098.961536
1099.961536
1100.961536
1101.961536
1102.961536
1103.961536
1104.961536
1105.961536
1106.961536
1107.961536
1108.961536
1109.961536
1110.961536
1111.961536
1112.961536
1113.961536
1114.961536
1115.961536
1116.961536
1117.961536
1118.961536
1119.961536
1120.961536
1121.961536
1122.961536
1123.961536
1124.961536
1125.961536
1126.961536
1127.961536
1128.961536
1129.961536
1130.961536
1131.961536
1132.961536
1133.961536
1134.961536
1135.961536
1136.961536
1137.961536
1138.961536
1139.961536
1140.961536
1141.961536
1142.961536
1143.961536
1144.961536
1145.961504
1146.961504
1147.961504
1148.961504
1149.961504
1150.961504
1151.961504
1152.961504
1153.961504
1154.961504
1155.961504
1156.961504
1157.961504
1158.961504
1159.961504
1160.961504
1161.961504
1162.961504
1163.961504
1164.961504
1165.961504
1166.961504
1167.961504
1168.961504
1169.961504
1170.961504
1171.961504
1172.961504
1173.961504
1174.961504
1175.961504
1176.961504
1177.961504
1178.961504
1179.961504
1180.961504
1181.961504
1182.961504
1183.961504
1184.961504
1185.961504
1186.961504
1187.961504
1188.961504
1189.961504
1190.961504
1191.961504
1192.961504
1193.961472
1194.961472
1195.961472
1196.961472
1197.961472
1198.961472
1199.961472
1200.961472
1201.961472
1202.961472
1203.961472
1204.961472
1205.961472
1206.961472
1207.961472
1208.961472
1209.961472
1210.961472
1211.961472
1212.961472
1213.961472
1214.961472
1215.961472
1216.961472
1217.961472
1218.961472
1219.961472
1220.961472
1221.961472
1222.961472
1223.961472
1224.961472
1225.961472
1226.961472
1227.961472
