0.962304
1.962304
2.962304
3.962304
4.962304
5.962304
6.962304
7.962304
8.962304
9.962304
10.962304
11.962304
12.962304
13.962304
14.962304
15.962304
16.962304
17.962304
18.962304
19.962304
20.962304
21.962304
22.962304
23.962304
24.962304
25.962304
26.962304
27.962304
28.962304
29.962304
30.962304
31.962304
32.962304
33.962304
34.962304
35.962304
36.962304
37.962304
38.962304
39.962304
40.962304
41.962304
42.962304
43.962304
44.962304
45.962304
46.962304
47.962304
48.962304
49.962304
50.962304
51.962304
52.962304
53.962304
54.962304
55.962304
56.962304
57.962304
58.962304
59.962304
60.962304
61.962304
62.962304
63.962304
64.962304
65.962304
66.962272
67.962272
68.962272
69.962272
70.962272
71.962272
72.962272
73.962272
74.962272
75.962272
76.962272
77.962272
78.962272
79.962272
80.962272
81.962272
82.962272
83.962272
84.962272
85.962272
86.962272
87.962272
88.962272
89.962272
90.962272
91.962272
92.962272
93.962272
94.962272
95.962272
96.962272
97.962272
98.962272
99.962272
100.962272
101.962272
102.962272
103.962272
104.962272
105.962272
106.962272
107.962272
108.962272
109.962272
110.962272
111.962272
112.962272
113.962272
114.962272
115.962272
116.962272
117.962272
118.962272
119.962272
120.962272
121.962272
122.962272
123.962272
124.962272
125.962272
126.962272
127.962272
128.962272
129.962272
130.962240
131.962240
132.962240
133.962240
134.962240
135.962240
136.962240
137.962240
138.962240
139.962240
140.962240
141.962240
142.962240
143.962240
144.962240
145.962240
146.962240
147.962240
148.962240
149.962240
150.962240
151.962240
152.962240
153.962240
154.962240
155.962240
156.962240
157.962240
158.962240
159.962240
160.962240
161.962240
162.962240
163.962240
164.962240
165.962240
166.962240
167.962240
168.962240
169.962240
170.962240
171.962240
172.962240
173.962240
174.962240
175.962240
176.962240
177.962240
178.962240
179.962240
180.962240
181.962240
182.962240
183.962240
184.962240
185.962240
186.962240
187.962240
188.962240
189.962240
190.962240
191.962240
192.962208
193.962208
194.962208
195.962208
196.962208
197.962208
198.962208
199.962208
200.962208
201.962208
202.962208
203.962208
204.962208
205.962208
206.962208
207.962208
208.962208
209.962208
210.962208
211.962208
212.962208
213.962208
214.962208
215.962208
216.962208
217.962208
218.962208
219.962208
220.962208
221.962208
222.962208
223.962208
224.962208
225.962208
226.962208
227.962208
228.962208
229.962208
230.962208
231.962208
232.962208
233.962208
234.962208
235.962208
236.962208
237.962208
238.962208
239.962208
240.962208
241.962208
242.962208
243.962208
244.962208
245.962208
246.962208
247.962208
248.962208
249.962208
250.962208
251.962208
252.962208
253.962208
254.962208
255.962208
256.962176
257.962176
258.962176
259.962176
260.962176
261.962176
262.962176
263.962176
264.962176
265.962176
266.962176
267.962176
268.962176
269.962176
270.962176
271.962176
272.962176
273.962176
274.962176
275.962176
276.962176
277.962176
278.962176
279.962176
280.962176
281.962176
282.962176
283.962176
284.962176
285.962176
286.962176
287.962176
288.962176
289.962176
290.962176
291.962176
292.962176
293.962176
294.962176
295.962176
296.962176
297.962176
298.962176
299.962176
300.962176
301.962176
302.962176
303.962176
304.962176
305.962176
306.962176
307.962176
308.962176
309.962176
310.962176
311.962176
312.962176
313.962176
314.962176
315.962176
316.962176
317.962176
318.962176
319.962176
320.962176
321.962176
322.962176
323.962176
324.962176
325.962144
326.962144
327.962144
328.962144
329.962144
330.962144
331.962144
332.962144
333.962144
334.962144
335.962144
336.962144
337.962144
338.962144
339.962144
340.962144
341.962144
342.962144
343.962144
344.962144
345.962144
346.962144
347.962144
348.962144
349.962144
350.962144
351.962144
352.962144
353.962144
354.962144
355.962144
356.962144
357.962144
358.962144
359.962144
360.962144
361.962144
362.962144
363.962144
364.962144
365.962144
366.962144
367.962144
368.962144
369.962144
370.962144
371.962144
372.962144
373.962144
374.962144
375.962144
376.962144
377.962144
378.962144
379.962144
380.962144
381.962144
382.962144
383.962144
384.962144
385.962144
386.962112
387.962112
388.962112
389.962112
390.962112
391.962112
392.962112
393.962112
394.962112
395.962112
396.962112
397.962112
398.962112
399.962112
400.962112
401.962112
402.962112
403.962112
404.962112
405.962112
406.962112
407.962112
408.962112
409.962112
410.962112
411.962112
412.962112
413.962112
414.962112
415.962112
416.962112
417.962112
418.962112
419.962112
420.962112
421.962112
422.962112
423.962112
424.962112
425.962112
426.962112
427.962112
428.962112
429.962112
430.962112
431.962112
432.962112
433.962112
434.962112
435.962112
436.962112
437.962112
438.962112
439.962112
440.962112
441.962112
442.962112
443.962112
444.962112
445.962112
446.962112
447.962112
448.962112
449.962080
450.962080
451.962080
452.962080
453.962080
454.962080
455.962080
456.962080
457.962080
458.962080
459.962080
460.962080
461.962080
462.962080
463.962080
464.962080
465.962080
466.962080
467.962080
468.962080
469.962080
470.962080
471.962080
472.962080
473.962080
474.962080
475.962080
476.962080
477.962080
478.962080
479.962080
480.962080
481.962080
482.962080
483.962080
484.962080
485.962080
486.962080
487.962080
488.962080
489.962080
490.962080
491.962080
492.962080
493.962080
494.962080
495.962080
496.962080
497.962080
498.962080
499.962080
500.962080
501.962080
502.962080
503.962080
504.962080
505.962080
506.962080
507.962080
508.962048
509.962048
510.962048
511.962048
512.962048
513.962048
514.962048
515.962048
516.962048
517.962048
518.962048
519.962048
520.962048
521.962048
522.962048
523.962048
524.962048
525.962048
526.962048
527.962048
528.962048
529.962048
530.962048
531.962048
532.962048
533.962048
534.962048
535.962048
536.962048
537.962048
538.962048
539.962048
540.962048
541.962048
542.962048
543.962048
544.962048
545.962048
546.962048
547.962048
548.962048
549.962048
550.962048
551.962048
552.962048
553.962048
554.962048
555.962048
556.962048
557.962048
558.962048
559.962048
560.962016
561.962016
562.962016
563.962016
564.962016
565.962016
566.962016
567.962016
568.962016
569.962016
570.962016
571.962016
572.962016
573.962016
574.962016
575.962016
576.962016
577.962016
578.962016
579.962016
580.962016
581.962016
582.962016
583.962016
584.962016
585.962016
586.962016
587.962016
588.962016
589.962016
590.962016
591.962016
592.962016
593.962016
594.962016
595.962016
596.962016
597.962016
598.962016
599.962016
600.962016
601.962016
602.962016
603.962016
604.962016
605.962016
606.962016
607.962016
608.962016
609.962016
610.961984
611.961984
612.961984
613.961984
614.961984
615.961984
616.961984
617.961984
618.961984
619.961984
620.961984
621.961984
622.961984
623.961984
624.961984
625.961984
626.961984
627.961984
628.961984
629.961984
630.961984
631.961984
632.961984
633.961984
634.961984
635.961984
636.961984
637.961984
638.961984
639.961984
640.961984
641.961984
642.961984
643.961984
644.961984
645.961984
646.961984
647.961984
648.961984
649.961984
650.961984
651.961984
652.961984
653.961984
654.961984
655.961984
656.961984
657.961984
658.961984
659.961952
660.961952
661.961952
662.961952
663.961952
664.961952
665.961952
666.961952
667.961952
668.961952
669.961952
670.961952
671.961952
672.961952
673.961952
674.961952
675.961952
676.961952
677.961952
678.961952
679.961952
680.961952
681.961952
682.961952
683.961952
684.961952
685.961952
686.961952
687.961952
688.961952
689.961952
690.961952
691.961952
692.961952
693.961952
694.961952
695.961952
696.961952
697.961952
698.961952
699.961952
700.961952
701.961952
702.961952
703.961952
704.961952
705.961952
706.961952
707.961952
708.961952
709.961952
710.961920
711.961920
712.961920
713.961920
714.961920
715.961920
716.961920
717.961920
718.961920
719.961920
720.961920
721.961920
722.961920
723.961920
724.961920
725.961920
726.961920
727.961920
728.961920
729.961920
730.961920
731.961920
732.961920
733.961920
734.961920
735.961920
736.961920
737.961920
738.961920
739.961920
740.961920
741.961920
742.961920
743.961920
744.961920
745.961920
746.961920
747.961920
748.961920
749.961920
750.961920
751.961920
752.961920
753.961920
754.961920
755.961920
756.961920
757.961920
758.961920
759.961920
760.961920
761.961920
762.961888
763.961888
764.961888
765.961888
766.961888
767.961888
768.961888
769.961888
770.961888
771.961888
772.961888
773.961888
774.961888
775.961888
776.961888
777.961888
778.961888
779.961888
780.961888
781.961888
782.961888
783.961888
784.961888
785.961888
786.961888
787.961888
788.961888
789.961888
790.961888
791.961888
792.961888
793.961888
794.961888
795.961888
796.961888
797.961888
798.961888
799.961888
800.961888
801.961888
802.961888
803.961888
804.961888
805.961888
806.961888
807.961888
808.961888
809.961888
810.961888
811.961888
812.961856
813.961856
814.961856
815.961856
816.961856
817.961856
818.961856
819.961856
820.961856
821.961856
822.961856
823.961856
824.961856
825.961856
826.961856
827.961856
828.961856
829.961856
830.961856
831.961856
832.961856
833.961856
834.961856
835.961856
836.961856
837.961856
838.961856
839.961856
840.961856
841.961856
842.961856
843.961856
844.961856
845.961856
846.961856
847.961856
848.961856
849.961856
850.961856
851.961856
852.961856
853.961856
854.961856
855.961856
856.961856
857.961856
858.961856
859.961856
860.961856
861.961824
862.961824
863.961824
864.961824
865.961824
866.961824
867.961824
868.961824
869.961824
870.961824
871.961824
872.961824
873.961824
874.961824
875.961824
876.961824
877.961824
878.961824
879.961824
880.961824
881.961824
882.961824
883.961824
884.961824
885.961824
886.961824
887.961824
888.961824
889.961824
890.961824
891.961824
892.961824
893.961824
894.961824
895.961824
896.961824
897.961824
898.961824
899.961824
900.961824
901.961824
902.961824
903.961824
904.961824
905.961824
906.961824
907.961824
908.961792
909.961792
910.961792
911.961792
912.961792
913.961792
914.961792
915.961792
916.961792
917.961792
918.961792
919.961792
920.961792
921.961792
922.961792
923.961792
924.961792
925.961792
926.961792
927.961792
928.961792
929.961792
930.961792
931.961792
932.961792
933.961792
934.961792
935.961792
936.961792
937.961792
938.961792
939.961792
940.961792
941.961792
942.961792
943.961792
944.961792
945.961792
946.961792
947.961792
948.961792
949.961792
950.961792
951.961792
952.961792
953.961792
954.961792
955.961760
956.961760
957.961760
958.961760
959.961760
960.961760
961.961760
962.961760
963.961760
964.961760
965.961760
966.961760
967.961760
968.961760
969.961760
970.961760
971.961760
972.961760
973.961760
974.961760
975.961760
976.961760
977.961760
978.961760
979.961760
980.961760
981.961760
982.961760
983.961760
984.961760
985.961760
986.961760
987.961760
988.961760
989.961760
990.961760
991.961760
992.961760
993.961760
994.961760
995.961760
996.961760
997.961760
998.961760
999.961760
1000.961760
1001.961728
1002.961728
1003.961728
1004.961728
1005.961728
1006.961728
1007.961728
1008.961728
1009.961728
1010.961728
1011.961728
1012.961728
1013.961728
1014.961728
1015.961728
1016.961728
1017.961728
1018.961728
1019.961728
1020.961728
1021.961728
1022.961728
1023.961728
1024.961728
1025.961728
1026.961728
1027.961728
1028.961728
1029.961728
1030.961728
1031.961728
1032.961728
1033.961728
1034.961728
1035.961728
1036.961728
1037.961728
1038.961728
1039.961728
1040.961728
1041.961728
1042.961728
1043.961728
1044.961728
1045.961728
1046.961728
1047.961728
1048.961728
1049.961728
1050.961696
1051.961696
1052.961696
1053.961696
1054.961696
1055.961696
1056.961696
1057.961696
1058.961696
1059.961696
1060.961696
1061.961696
1062.961696
1063.961696
1064.961696
1065.961696
1066.961696
1067.961696
1068.961696
1069.961696
1070.961696
1071.961696
1072.961696
1073.961696
1074.961696
1075.961696
1076.961696
1077.961696
1078.961696
1079.961696
1080.961696
1081.961696
1082.961696
1083.961696
1084.961696
1085.961696
1086.961696
1087.961696
1088.961696
1089.961696
1090.961696
1091.961696
1092.961696
1093.961696
1094.961696
1095.961696
1096.961664
1097.961664
1098.961664
1099.961664
1100.961664
1101.961664
1102.961664
1103.961664
1104.961664
1105.961664
1106.961664
1107.961664
1108.961664
1109.961664
1110.961664
1111.961664
1112.961664
1113.961664
1114.961664
1115.961664
1116.961664
1117.961664
1118.961664
1119.961664
1120.961664
1121.961664
1122.961664
1123.961664
1124.961664
1125.961664
1126.961664
1127.961664
1128.961664
1129.961664
1130.961664
1131.961664
1132.961664
1133.961664
1134.961664
1135.961664
1136.961664
1137.961664
1138.961664
1139.961664
1140.961664
1141.961664
1142.961664
1143.961664
1144.961632
1145.961632
1146.961632
1147.961632
1148.961632
1149.961632
1150.961632
1151.961632
1152.961632
1153.961632
1154.961632
1155.961632
1156.961632
1157.961632
1158.961632
1159.961632
1160.961632
1161.961632
1162.961632
1163.961632
1164.961632
1165.961632
1166.961632
1167.961632
1168.961632
1169.961632
1170.961632
1171.961632
1172.961632
1173.961632
1174.961632
1175.961632
1176.961632
1177.961632
1178.961632
1179.961632
1180.961632
1181.961632
1182.961632
1183.961632
1184.961632
1185.961632
1186.961632
1187.961632
1188.961632
1189.961632
1190.961632
1191.961632
1192.961632
1193.961600
1194.961600
1195.961600
1196.961600
1197.961600
1198.961600
1199.961600
1200.961600
1201.961600
1202.961600
1203.961600
1204.961600
1205.961600
1206.961600
1207.961600
1208.961600
1209.961600
1210.961600
1211.961600
1212.961600
1213.961600
1214.961600
1215.961600
1216.961600
1217.961600
1218.961600
1219.961600
1220.961600
1221.961600
1222.961600
1223.961600
1224.961600
1225.961600
1226.961600
1227.961600
