0.962496
1.962496
2.962496
3.962496
4.962496
5.962496
6.962496
7.962496
8.962496
9.962496
10.962496
11.962496
12.962496
13.962496
14.962496
15.962496
16.962496
17.962496
18.962496
19.962496
20.962496
21.962496
22.962496
23.962496
24.962496
25.962496
26.962496
27.962496
28.962496
29.962496
30.962496
31.962496
32.962496
33.962496
34.962496
35.962496
36.962496
37.962496
38.962496
39.962496
40.962496
41.962496
42.962496
43.962496
44.962496
45.962496
46.962496
47.962496
48.962496
49.962496
50.962496
51.962496
52.962496
53.962496
54.962496
55.962496
56.962496
57.962496
58.962496
59.962496
60.962496
61.962496
62.962496
63.962496
64.962496
65.962496
66.962496
67.962496
68.962496
69.962496
70.962496
71.962464
72.962464
73.962464
74.962464
75.962464
76.962464
77.962464
78.962464
79.962464
80.962464
81.962464
82.962464
83.962464
84.962464
85.962464
86.962464
87.962464
88.962464
89.962464
90.962464
91.962464
92.962464
93.962464
94.962464
95.962464
96.962464
97.962464
98.962464
99.962464
100.962464
101.962464
102.962464
103.962464
104.962464
105.962464
106.962464
107.962464
108.962464
109.962464
110.962464
111.962464
112.962464
113.962464
114.962464
115.962464
116.962464
117.962464
118.962464
119.962464
120.962464
121.962464
122.962464
123.962464
124.962464
125.962464
126.962464
127.962464
128.962464
129.962464
130.962464
131.962464
132.962464
133.962464
134.962432
135.962432
136.962432
137.962432
138.962432
139.962432
140.962432
141.962432
142.962432
143.962432
144.962432
145.962432
146.962432
147.962432
148.962432
149.962432
150.962432
151.962432
152.962432
153.962432
154.962432
155.962432
156.962432
157.962432
158.962432
159.962432
160.962432
161.962432
162.962432
163.962432
164.962432
165.962432
166.962432
167.962432
168.962432
169.962432
170.962432
171.962432
172.962432
173.962432
174.962432
175.962432
176.962432
177.962432
178.962432
179.962432
180.962432
181.962432
182.962432
183.962432
184.962432
185.962432
186.962432
187.962432
188.962432
189.962432
190.962432
191.962432
192.962432
193.962432
194.962432
195.962432
196.962432
197.962400
198.962400
199.962400
200.962400
201.962400
202.962400
203.962400
204.962400
205.962400
206.962400
207.962400
208.962400
209.962400
210.962400
211.962400
212.962400
213.962400
214.962400
215.962400
216.962400
217.962400
218.962400
219.962400
220.962400
221.962400
222.962400
223.962400
224.962400
225.962400
226.962400
227.962400
228.962400
229.962400
230.962400
231.962400
232.962400
233.962400
234.962400
235.962400
236.962400
237.962400
238.962400
239.962400
240.962400
241.962400
242.962400
243.962400
244.962400
245.962400
246.962400
247.962400
248.962400
249.962400
250.962400
251.962400
252.962400
253.962400
254.962400
255.962400
256.962400
257.962400
258.962400
259.962400
260.962400
261.962368
262.962368
263.962368
264.962368
265.962368
266.962368
267.962368
268.962368
269.962368
270.962368
271.962400
272.962368
273.962368
274.962368
275.962368
276.962368
277.962368
278.962368
279.962368
280.962368
281.962368
282.962368
283.962368
284.962368
285.962368
286.962368
287.962368
288.962368
289.962368
290.962368
291.962368
292.962368
293.962368
294.962368
295.962368
296.962368
297.962368
298.962368
299.962368
300.962368
301.962368
302.962368
303.962368
304.962368
305.962368
306.962368
307.962368
308.962368
309.962368
310.962368
311.962368
312.962368
313.962368
314.962368
315.962368
316.962368
317.962368
318.962368
319.962368
320.962368
321.962368
322.962368
323.962368
324.962368
325.962368
326.962368
327.962368
328.962368
329.962336
330.962336
331.962336
332.962336
333.962336
334.962336
335.962336
336.962336
337.962336
338.962336
339.962336
340.962336
341.962336
342.962336
343.962336
344.962336
345.962336
346.962336
347.962336
348.962336
349.962336
350.962336
351.962336
352.962336
353.962336
354.962336
355.962336
356.962336
357.962336
358.962336
359.962336
360.962336
361.962336
362.962336
363.962336
364.962336
365.962336
366.962336
367.962336
368.962336
369.962336
370.962336
371.962336
372.962336
373.962336
374.962336
375.962336
376.962336
377.962336
378.962336
379.962336
380.962336
381.962336
382.962336
383.962336
384.962336
385.962336
386.962336
387.962336
388.962336
389.962336
390.962336
391.962304
392.962304
393.962304
394.962304
395.962304
396.962304
397.962304
398.962304
399.962304
400.962336
401.962304
402.962304
403.962304
404.962304
405.962304
406.962304
407.962304
408.962304
409.962304
410.962304
411.962304
412.962304
413.962304
414.962304
415.962304
416.962304
417.962304
418.962304
419.962304
420.962304
421.962304
422.962304
423.962304
424.962304
425.962304
426.962304
427.962304
428.962304
429.962304
430.962304
431.962304
432.962304
433.962304
434.962304
435.962304
436.962304
437.962304
438.962304
439.962304
440.962304
441.962304
442.962304
443.962304
444.962304
445.962304
446.962304
447.962304
448.962304
449.962304
450.962304
451.962304
452.962304
453.962272
454.962272
455.962272
456.962272
457.962272
458.962272
459.962272
460.962272
461.962272
462.962272
463.962272
464.962272
465.962272
466.962272
467.962272
468.962272
469.962272
470.962272
471.962272
472.962272
473.962272
474.962272
475.962272
476.962272
477.962272
478.962272
479.962272
480.962272
481.962272
482.962272
483.962272
484.962272
485.962272
486.962272
487.962272
488.962272
489.962272
490.962272
491.962272
492.962272
493.962272
494.962272
495.962272
496.962272
497.962272
498.962272
499.962272
500.962272
501.962272
502.962272
503.962272
504.962272
505.962272
506.962272
507.962272
508.962272
509.962272
510.962272
511.962272
512.962240
513.962240
514.962240
515.962240
516.962240
517.962240
518.962240
519.962240
520.962240
521.962240
522.962240
523.962240
524.962240
525.962240
526.962240
527.962240
528.962240
529.962240
530.962240
531.962240
532.962240
533.962240
534.962240
535.962240
536.962240
537.962240
538.962240
539.962240
540.962240
541.962240
542.962240
543.962240
544.962240
545.962240
546.962240
547.962240
548.962240
549.962240
550.962240
551.962240
552.962240
553.962240
554.962240
555.962240
556.962240
557.962240
558.962240
559.962240
560.962240
561.962240
562.962240
563.962208
564.962208
565.962208
566.962208
567.962208
568.962208
569.962208
570.962208
571.962208
572.962208
573.962208
574.962208
575.962208
576.962208
577.962208
578.962208
579.962208
580.962208
581.962208
582.962208
583.962208
584.962208
585.962208
586.962208
587.962208
588.962208
589.962208
590.962208
591.962208
592.962208
593.962208
594.962208
595.962208
596.962208
597.962208
598.962208
599.962208
600.962208
601.962208
602.962208
603.962208
604.962208
605.962208
606.962208
607.962208
608.962208
609.962208
610.962208
611.962208
612.962208
613.962208
614.962176
615.962176
616.962176
617.962176
618.962176
619.962176
620.962176
621.962176
622.962176
623.962176
624.962176
625.962208
626.962176
627.962176
628.962176
629.962176
630.962176
631.962176
632.962176
633.962176
634.962176
635.962176
636.962176
637.962176
638.962176
639.962176
640.962176
641.962176
642.962176
643.962176
644.962176
645.962176
646.962176
647.962176
648.962176
649.962176
650.962176
651.962176
652.962176
653.962176
654.962176
655.962176
656.962176
657.962176
658.962176
659.962176
660.962176
661.962176
662.962176
663.962144
664.962144
665.962144
666.962144
667.962144
668.962144
669.962144
670.962144
671.962144
672.962144
673.962144
674.962144
675.962144
676.962144
677.962144
678.962144
679.962144
680.962144
681.962144
682.962144
683.962144
684.962144
685.962144
686.962144
687.962144
688.962144
689.962144
690.962144
691.962144
692.962144
693.962144
694.962144
695.962144
696.962144
697.962144
698.962144
699.962144
700.962144
701.962144
702.962144
703.962144
704.962144
705.962144
706.962144
707.962144
708.962144
709.962144
710.962144
711.962144
712.962144
713.962144
714.962112
715.962112
716.962112
717.962112
718.962112
719.962112
720.962112
721.962112
722.962112
723.962112
724.962112
725.962112
726.962112
727.962112
728.962112
729.962112
730.962112
731.962112
732.962112
733.962112
734.962112
735.962112
736.962112
737.962112
738.962112
739.962112
740.962112
741.962112
742.962112
743.962112
744.962112
745.962112
746.962112
747.962112
748.962112
749.962112
750.962112
751.962112
752.962112
753.962112
754.962112
755.962112
756.962112
757.962112
758.962112
759.962112
760.962112
761.962112
762.962112
763.962112
764.962112
765.962080
766.962080
767.962080
768.962080
769.962080
770.962080
771.962080
772.962080
773.962080
774.962080
775.962080
776.962080
777.962080
778.962080
779.962080
780.962080
781.962080
782.962080
783.962080
784.962080
785.962080
786.962080
787.962080
788.962080
789.962080
790.962080
791.962080
792.962080
793.962080
794.962080
795.962080
796.962080
797.962080
798.962080
799.962080
800.962080
801.962080
802.962080
803.962080
804.962080
805.962080
806.962080
807.962080
808.962080
809.962080
810.962080
811.962080
812.962080
813.962080
814.962080
815.962048
816.962048
817.962048
818.962048
819.962048
820.962048
821.962048
822.962048
823.962048
824.962048
825.962048
826.962048
827.962048
828.962048
829.962048
830.962048
831.962048
832.962048
833.962048
834.962048
835.962048
836.962048
837.962048
838.962048
839.962048
840.962048
841.962048
842.962048
843.962048
844.962048
845.962048
846.962048
847.962048
848.962048
849.962048
850.962048
851.962048
852.962048
853.962048
854.962048
855.962048
856.962048
857.962048
858.962048
859.962048
860.962048
861.962048
862.962048
863.962048
864.962048
865.962048
866.962048
867.962016
868.962048
869.962016
870.962016
871.962016
872.962016
873.962016
874.962016
875.962016
876.962016
877.962016
878.962016
879.962016
880.962016
881.962016
882.962016
883.962016
884.962016
885.962016
886.962016
887.962016
888.962016
889.962016
890.962016
891.962016
892.962016
893.962016
894.962016
895.962016
896.962016
897.962016
898.962016
899.962016
900.962016
901.962016
902.962016
903.962016
904.962016
905.962016
906.962016
907.962016
908.962016
909.962016
910.962016
911.962016
912.962016
913.961984
914.961984
915.961984
916.961984
917.961984
918.961984
919.961984
920.961984
921.961984
922.961984
923.961984
924.961984
925.961984
926.961984
927.961984
928.961984
929.961984
930.961984
931.961984
932.961984
933.961984
934.961984
935.961984
936.961984
937.961984
938.961984
939.961984
940.961984
941.961984
942.961984
943.961984
944.961984
945.961984
946.961984
947.961984
948.961984
949.961984
950.961984
951.961984
952.961984
953.961984
954.961984
955.961984
956.961984
957.961984
958.961952
959.961952
960.961952
961.961952
962.961952
963.961952
964.961952
965.961952
966.961952
967.961952
968.961952
969.961952
970.961952
971.961952
972.961952
973.961952
974.961952
975.961952
976.961952
977.961952
978.961952
979.961952
980.961952
981.961952
982.961952
983.961952
984.961952
985.961952
986.961952
987.961952
988.961952
989.961952
990.961952
991.961952
992.961952
993.961952
994.961952
995.961952
996.961952
997.961952
998.961952
999.961952
1000.961952
1001.961952
1002.961952
1003.961952
1004.961920
1005.961920
1006.961920
1007.961920
1008.961920
1009.961920
1010.961920
1011.961920
1012.961920
1013.961920
1014.961920
1015.961920
1016.961920
1017.961920
1018.961920
1019.961920
1020.961920
1021.961920
1022.961920
1023.961920
1024.961920
1025.961920
1026.961920
1027.961920
1028.961920
1029.961920
1030.961920
1031.961920
1032.961920
1033.961920
1034.961920
1035.961920
1036.961920
1037.961920
1038.961920
1039.961920
1040.961920
1041.961920
1042.961920
1043.961920
1044.961920
1045.961920
1046.961920
1047.961920
1048.961920
1049.961920
1050.961920
1051.961920
1052.961920
1053.961920
1054.961888
1055.961888
1056.961888
1057.961888
1058.961888
1059.961888
1060.961888
1061.961888
1062.961888
1063.961888
1064.961888
1065.961888
1066.961888
1067.961888
1068.961888
1069.961888
1070.961888
1071.961888
1072.961888
1073.961888
1074.961888
1075.961888
1076.961888
1077.961888
1078.961888
1079.961888
1080.961888
1081.961888
1082.961888
1083.961888
1084.961888
1085.961888
1086.961888
1087.961888
1088.961888
1089.961888
1090.961888
1091.961888
1092.961888
1093.961888
1094.961888
1095.961888
1096.961888
1097.961888
1098.961888
1099.961856
1100.961856
1101.961856
1102.961856
1103.961856
1104.961856
1105.961856
1106.961856
1107.961856
1108.961856
1109.961856
1110.961856
1111.961856
1112.961856
1113.961856
1114.961856
1115.961856
1116.961856
1117.961856
1118.961856
1119.961856
1120.961856
1121.961856
1122.961856
1123.961856
1124.961856
1125.961856
1126.961856
1127.961856
1128.961856
1129.961856
1130.961856
1131.961856
1132.961856
1133.961856
1134.961856
1135.961856
1136.961856
1137.961856
1138.961856
1139.961856
1140.961856
1141.961856
1142.961856
1143.961856
1144.961856
1145.961856
1146.961856
1147.961824
1148.961824
1149.961824
1150.961824
1151.961824
1152.961824
1153.961824
1154.961824
1155.961824
1156.961824
1157.961824
1158.961824
1159.961824
1160.961824
1161.961824
1162.961824
1163.961824
1164.961824
1165.961824
1166.961824
1167.961824
1168.961824
1169.961824
1170.961824
1171.961824
1172.961824
1173.961824
1174.961824
1175.961824
1176.961824
1177.961824
1178.961824
1179.961824
1180.961824
1181.961824
1182.961824
1183.961824
1184.961824
1185.961824
1186.961824
1187.961824
1188.961824
1189.961824
1190.961824
1191.961824
1192.961824
1193.961824
1194.961824
1195.961824
1196.961824
1197.961792
1198.961792
1199.961792
1200.961792
1201.961792
1202.961792
1203.961792
1204.961792
1205.961792
1206.961792
1207.961792
1208.961792
1209.961792
1210.961792
1211.961792
1212.961792
1213.961792
1214.961792
1215.961792
1216.961792
1217.961792
1218.961792
1219.961792
1220.961792
1221.961792
1222.961792
1223.961792
1224.961792
1225.961792
1226.961792
1227.961792
