0.962400
1.962400
2.962400
3.962400
4.962400
5.962400
6.962400
7.962400
8.962400
9.962400
10.962400
11.962400
12.962400
13.962400
14.962400
15.962400
16.962400
17.962400
18.962400
19.962400
20.962400
21.962400
22.962400
23.962400
24.962400
25.962400
26.962400
27.962400
28.962400
29.962400
30.962400
31.962400
32.962400
33.962400
34.962400
35.962400
36.962400
37.962400
38.962400
39.962400
40.962400
41.962400
42.962400
43.962400
44.962400
45.962400
46.962400
47.962400
48.962400
49.962400
50.962400
51.962400
52.962400
53.962400
54.962400
55.962400
56.962400
57.962400
58.962400
59.962400
60.962400
61.962400
62.962400
63.962400
64.962400
65.962400
66.962368
67.962368
68.962368
69.962368
70.962368
71.962368
72.962368
73.962368
74.962368
75.962368
76.962368
77.962368
78.962368
79.962368
80.962368
81.962368
82.962368
83.962368
84.962368
85.962368
86.962368
87.962368
88.962368
89.962368
90.962368
91.962368
92.962368
93.962368
94.962368
95.962368
96.962368
97.962368
98.962368
99.962368
100.962368
101.962368
102.962368
103.962368
104.962368
105.962368
106.962368
107.962368
108.962368
109.962368
110.962368
111.962368
112.962368
113.962368
114.962368
115.962368
116.962368
117.962368
118.962368
119.962368
120.962368
121.962368
122.962368
123.962368
124.962368
125.962368
126.962368
127.962368
128.962368
129.962368
130.962336
131.962336
132.962336
133.962336
134.962336
135.962336
136.962336
137.962336
138.962336
139.962336
140.962336
141.962336
142.962336
143.962336
144.962336
145.962336
146.962336
147.962336
148.962336
149.962336
150.962336
151.962336
152.962336
153.962336
154.962336
155.962336
156.962336
157.962336
158.962336
159.962336
160.962336
161.962336
162.962336
163.962336
164.962336
165.962336
166.962336
167.962336
168.962336
169.962336
170.962336
171.962336
172.962336
173.962336
174.962336
175.962336
176.962336
177.962336
178.962336
179.962336
180.962336
181.962336
182.962336
183.962336
184.962336
185.962336
186.962336
187.962336
188.962336
189.962336
190.962336
191.962336
192.962304
193.962304
194.962304
195.962304
196.962304
197.962304
198.962304
199.962304
200.962304
201.962304
202.962304
203.962304
204.962304
205.962304
206.962304
207.962304
208.962304
209.962304
210.962304
211.962304
212.962304
213.962304
214.962304
215.962304
216.962304
217.962304
218.962304
219.962304
220.962304
221.962304
222.962304
223.962304
224.962304
225.962304
226.962304
227.962304
228.962304
229.962304
230.962304
231.962304
232.962304
233.962304
234.962304
235.962304
236.962304
237.962304
238.962304
239.962304
240.962304
241.962304
242.962304
243.962304
244.962304
245.962304
246.962304
247.962304
248.962304
249.962304
250.962304
251.962304
252.962304
253.962304
254.962304
255.962304
256.962272
257.962272
258.962272
259.962272
260.962272
261.962272
262.962272
263.962272
264.962272
265.962272
266.962272
267.962272
268.962272
269.962272
270.962272
271.962272
272.962272
273.962272
274.962272
275.962272
276.962272
277.962272
278.962272
279.962272
280.962272
281.962272
282.962272
283.962272
284.962272
285.962272
286.962272
287.962272
288.962272
289.962272
290.962272
291.962272
292.962272
293.962272
294.962272
295.962272
296.962272
297.962272
298.962272
299.962272
300.962272
301.962272
302.962272
303.962272
304.962272
305.962272
306.962272
307.962272
308.962272
309.962272
310.962272
311.962272
312.962272
313.962272
314.962272
315.962272
316.962272
317.962272
318.962272
319.962272
320.962272
321.962272
322.962272
323.962272
324.962272
325.962240
326.962240
327.962240
328.962240
329.962240
330.962240
331.962240
332.962240
333.962240
334.962240
335.962240
336.962240
337.962240
338.962240
339.962240
340.962240
341.962240
342.962240
343.962240
344.962240
345.962240
346.962240
347.962240
348.962240
349.962240
350.962240
351.962240
352.962240
353.962240
354.962240
355.962240
356.962240
357.962240
358.962240
359.962240
360.962240
361.962240
362.962240
363.962240
364.962240
365.962240
366.962240
367.962240
368.962240
369.962240
370.962240
371.962240
372.962240
373.962240
374.962240
375.962240
376.962240
377.962240
378.962240
379.962240
380.962240
381.962240
382.962240
383.962240
384.962240
385.962240
386.962208
387.962208
388.962208
389.962208
390.962208
391.962208
392.962208
393.962208
394.962208
395.962208
396.962208
397.962208
398.962208
399.962208
400.962208
401.962208
402.962208
403.962208
404.962208
405.962208
406.962208
407.962208
408.962208
409.962208
410.962208
411.962208
412.962208
413.962208
414.962208
415.962208
416.962208
417.962208
418.962208
419.962208
420.962208
421.962208
422.962208
423.962208
424.962208
425.962208
426.962208
427.962208
428.962208
429.962208
430.962208
431.962208
432.962208
433.962208
434.962208
435.962208
436.962208
437.962208
438.962208
439.962208
440.962208
441.962208
442.962208
443.962208
444.962208
445.962208
446.962208
447.962208
448.962208
449.962176
450.962176
451.962176
452.962176
453.962176
454.962176
455.962176
456.962176
457.962176
458.962176
459.962176
460.962176
461.962176
462.962176
463.962176
464.962176
465.962176
466.962176
467.962176
468.962176
469.962176
470.962176
471.962176
472.962176
473.962176
474.962176
475.962176
476.962176
477.962176
478.962176
479.962176
480.962176
481.962176
482.962176
483.962176
484.962176
485.962176
486.962176
487.962176
488.962176
489.962176
490.962176
491.962176
492.962176
493.962176
494.962176
495.962176
496.962176
497.962176
498.962176
499.962176
500.962176
501.962176
502.962176
503.962176
504.962176
505.962176
506.962176
507.962176
508.962144
509.962144
510.962144
511.962144
512.962144
513.962144
514.962144
515.962144
516.962144
517.962144
518.962144
519.962144
520.962144
521.962144
522.962144
523.962144
524.962144
525.962144
526.962144
527.962144
528.962144
529.962144
530.962144
531.962144
532.962144
533.962144
534.962144
535.962144
536.962144
537.962144
538.962144
539.962144
540.962144
541.962144
542.962144
543.962144
544.962144
545.962144
546.962144
547.962144
548.962144
549.962144
550.962144
551.962144
552.962144
553.962144
554.962144
555.962144
556.962144
557.962144
558.962144
559.962144
560.962112
561.962112
562.962112
563.962112
564.962112
565.962112
566.962112
567.962112
568.962112
569.962112
570.962112
571.962112
572.962112
573.962112
574.962112
575.962112
576.962112
577.962112
578.962112
579.962112
580.962112
581.962112
582.962112
583.962112
584.962112
585.962112
586.962112
587.962112
588.962112
589.962112
590.962112
591.962112
592.962112
593.962112
594.962112
595.962112
596.962112
597.962112
598.962112
599.962112
600.962112
601.962112
602.962112
603.962112
604.962112
605.962112
606.962112
607.962112
608.962112
609.962112
610.962080
611.962080
612.962080
613.962080
614.962080
615.962080
616.962080
617.962080
618.962080
619.962080
620.962080
621.962080
622.962080
623.962080
624.962080
625.962080
626.962080
627.962080
628.962080
629.962080
630.962080
631.962080
632.962080
633.962080
634.962080
635.962080
636.962080
637.962080
638.962080
639.962080
640.962080
641.962080
642.962080
643.962080
644.962080
645.962080
646.962080
647.962080
648.962080
649.962080
650.962080
651.962080
652.962080
653.962080
654.962080
655.962080
656.962080
657.962080
658.962080
659.962048
660.962048
661.962048
662.962048
663.962048
664.962048
665.962048
666.962048
667.962048
668.962048
669.962048
670.962048
671.962048
672.962048
673.962048
674.962048
675.962048
676.962048
677.962048
678.962048
679.962048
680.962048
681.962048
682.962048
683.962048
684.962048
685.962048
686.962048
687.962048
688.962048
689.962048
690.962048
691.962048
692.962048
693.962048
694.962048
695.962048
696.962048
697.962048
698.962048
699.962048
700.962048
701.962048
702.962048
703.962048
704.962048
705.962048
706.962048
707.962048
708.962048
709.962048
710.962016
711.962016
712.962016
713.962016
714.962016
715.962016
716.962016
717.962016
718.962016
719.962016
720.962016
721.962016
722.962016
723.962016
724.962016
725.962016
726.962016
727.962016
728.962016
729.962016
730.962016
731.962016
732.962016
733.962016
734.962016
735.962016
736.962016
737.962016
738.962016
739.962016
740.962016
741.962016
742.962016
743.962016
744.962016
745.962016
746.962016
747.962016
748.962016
749.962016
750.962016
751.962016
752.962016
753.962016
754.962016
755.962016
756.962016
757.962016
758.962016
759.962016
760.962016
761.962016
762.961984
763.961984
764.961984
765.961984
766.961984
767.961984
768.961984
769.961984
770.961984
771.961984
772.961984
773.961984
774.961984
775.961984
776.961984
777.961984
778.961984
779.961984
780.961984
781.961984
782.961984
783.961984
784.961984
785.961984
786.961984
787.961984
788.961984
789.961984
790.961984
791.961984
792.961984
793.961984
794.961984
795.961984
796.961984
797.961984
798.961984
799.961984
800.961984
801.961984
802.961984
803.961984
804.961984
805.961984
806.961984
807.961984
808.961984
809.961984
810.961984
811.961984
812.961952
813.961952
814.961952
815.961952
816.961952
817.961952
818.961952
819.961952
820.961952
821.961952
822.961952
823.961952
824.961952
825.961952
826.961952
827.961952
828.961952
829.961952
830.961952
831.961952
832.961952
833.961952
834.961952
835.961952
836.961952
837.961952
838.961952
839.961952
840.961952
841.961952
842.961952
843.961952
844.961952
845.961952
846.961952
847.961952
848.961952
849.961952
850.961952
851.961952
852.961952
853.961952
854.961952
855.961952
856.961952
857.961952
858.961952
859.961952
860.961952
861.961920
862.961920
863.961920
864.961920
865.961920
866.961920
867.961920
868.961920
869.961920
870.961920
871.961920
872.961920
873.961920
874.961920
875.961920
876.961920
877.961920
878.961920
879.961920
880.961920
881.961920
882.961920
883.961920
884.961920
885.961920
886.961920
887.961920
888.961920
889.961920
890.961920
891.961920
892.961920
893.961920
894.961920
895.961920
896.961920
897.961920
898.961920
899.961920
900.961920
901.961920
902.961920
903.961920
904.961920
905.961920
906.961920
907.961920
908.961888
909.961888
910.961888
911.961888
912.961888
913.961888
914.961888
915.961888
916.961888
917.961888
918.961888
919.961888
920.961888
921.961888
922.961888
923.961888
924.961888
925.961888
926.961888
927.961888
928.961888
929.961888
930.961888
931.961888
932.961888
933.961888
934.961888
935.961888
936.961888
937.961888
938.961888
939.961888
940.961888
941.961888
942.961888
943.961888
944.961888
945.961888
946.961888
947.961888
948.961888
949.961888
950.961888
951.961888
952.961888
953.961888
954.961888
955.961856
956.961856
957.961856
958.961856
959.961856
960.961856
961.961856
962.961856
963.961856
964.961856
965.961856
966.961856
967.961856
968.961856
969.961856
970.961856
971.961856
972.961856
973.961856
974.961856
975.961856
976.961856
977.961856
978.961856
979.961856
980.961856
981.961856
982.961856
983.961856
984.961856
985.961856
986.961856
987.961856
988.961856
989.961856
990.961856
991.961856
992.961856
993.961856
994.961856
995.961856
996.961856
997.961856
998.961856
999.961856
1000.961856
1001.961824
1002.961824
1003.961824
1004.961824
1005.961824
1006.961824
1007.961824
1008.961824
1009.961824
1010.961824
1011.961824
1012.961824
1013.961824
1014.961824
1015.961824
1016.961824
1017.961824
1018.961824
1019.961824
1020.961824
1021.961824
1022.961824
1023.961824
1024.961824
1025.961824
1026.961824
1027.961824
1028.961824
1029.961824
1030.961824
1031.961824
1032.961824
1033.961824
1034.961824
1035.961824
1036.961824
1037.961824
1038.961824
1039.961824
1040.961824
1041.961824
1042.961824
1043.961824
1044.961824
1045.961824
1046.961824
1047.961824
1048.961824
1049.961824
1050.961792
1051.961792
1052.961792
1053.961792
1054.961792
1055.961792
1056.961792
1057.961792
1058.961792
1059.961792
1060.961792
1061.961792
1062.961792
1063.961792
1064.961792
1065.961792
1066.961792
1067.961792
1068.961792
1069.961792
1070.961792
1071.961792
1072.961792
1073.961792
1074.961792
1075.961792
1076.961792
1077.961792
1078.961792
1079.961792
1080.961792
1081.961792
1082.961792
1083.961792
1084.961792
1085.961792
1086.961792
1087.961792
1088.961792
1089.961792
1090.961792
1091.961792
1092.961792
1093.961792
1094.961792
1095.961792
1096.961760
1097.961760
1098.961760
1099.961760
1100.961760
1101.961760
1102.961760
1103.961760
1104.961760
1105.961760
1106.961760
1107.961760
1108.961760
1109.961760
1110.961760
1111.961760
1112.961760
1113.961760
1114.961760
1115.961760
1116.961760
1117.961760
1118.961760
1119.961760
1120.961760
1121.961760
1122.961760
1123.961760
1124.961760
1125.961760
1126.961760
1127.961760
1128.961760
1129.961760
1130.961760
1131.961760
1132.961760
1133.961760
1134.961760
1135.961760
1136.961760
1137.961760
1138.961760
1139.961760
1140.961760
1141.961760
1142.961760
1143.961760
1144.961728
1145.961728
1146.961728
1147.961728
1148.961728
1149.961728
1150.961728
1151.961728
1152.961728
1153.961728
1154.961728
1155.961728
1156.961728
1157.961728
1158.961728
1159.961728
1160.961728
1161.961728
1162.961728
1163.961728
1164.961728
1165.961728
1166.961728
1167.961728
1168.961728
1169.961728
1170.961728
1171.961728
1172.961728
1173.961728
1174.961728
1175.961728
1176.961728
1177.961728
1178.961728
1179.961728
1180.961728
1181.961728
1182.961728
1183.961728
1184.961728
1185.961728
1186.961728
1187.961728
1188.961728
1189.961728
1190.961728
1191.961728
1192.961728
1193.961696
1194.961696
1195.961696
1196.961696
1197.961696
1198.961696
1199.961696
1200.961696
1201.961696
1202.961696
1203.961696
1204.961696
1205.961696
1206.961696
1207.961696
1208.961696
1209.961696
1210.961696
1211.961696
1212.961696
1213.961696
1214.961696
1215.961696
1216.961696
1217.961696
1218.961696
1219.961696
1220.961696
1221.961696
1222.961696
1223.961696
1224.961696
1225.961696
1226.961696
1227.961696
