0.962112
1.962112
2.962112
3.962112
4.962112
5.962112
6.962112
7.962112
8.962112
9.962112
10.962112
11.962112
12.962112
13.962112
14.962112
15.962112
16.962112
17.962112
18.962112
19.962112
20.962112
21.962112
22.962112
23.962112
24.962112
25.962112
26.962112
27.962112
28.962112
29.962112
30.962112
31.962112
32.962112
33.962112
34.962112
35.962112
36.962112
37.962112
38.962112
39.962112
40.962112
41.962112
42.962112
43.962112
44.962112
45.962112
46.962112
47.962112
48.962112
49.962112
50.962112
51.962112
52.962112
53.962112
54.962112
55.962112
56.962112
57.962112
58.962112
59.962112
60.962112
61.962112
62.962112
63.962112
64.962112
65.962080
66.962080
67.962080
68.962080
69.962080
70.962080
71.962080
72.962080
73.962080
74.962080
75.962080
76.962080
77.962080
78.962080
79.962080
80.962080
81.962080
82.962080
83.962080
84.962080
85.962080
86.962080
87.962080
88.962080
89.962080
90.962080
91.962080
92.962080
93.962080
94.962080
95.962080
96.962080
97.962080
98.962080
99.962080
100.962080
101.962080
102.962080
103.962080
104.962080
105.962080
106.962080
107.962080
108.962080
109.962080
110.962080
111.962080
112.962080
113.962080
114.962080
115.962080
116.962080
117.962080
118.962080
119.962080
120.962080
121.962080
122.962080
123.962080
124.962080
125.962080
126.962080
127.962080
128.962080
129.962048
130.962048
131.962048
132.962048
133.962048
134.962048
135.962048
136.962048
137.962048
138.962048
139.962048
140.962048
141.962048
142.962048
143.962048
144.962048
145.962048
146.962048
147.962048
148.962048
149.962048
150.962048
151.962048
152.962048
153.962048
154.962048
155.962048
156.962048
157.962048
158.962048
159.962048
160.962048
161.962048
162.962048
163.962048
164.962048
165.962048
166.962048
167.962048
168.962048
169.962048
170.962048
171.962048
172.962048
173.962048
174.962048
175.962048
176.962048
177.962048
178.962048
179.962048
180.962048
181.962048
182.962048
183.962048
184.962048
185.962048
186.962048
187.962048
188.962048
189.962048
190.962048
191.962048
192.962016
193.962016
194.962016
195.962016
196.962016
197.962016
198.962016
199.962016
200.962016
201.962016
202.962016
203.962016
204.962016
205.962016
206.962016
207.962016
208.962016
209.962016
210.962016
211.962016
212.962016
213.962016
214.962016
215.962016
216.962016
217.962016
218.962016
219.962016
220.962016
221.962016
222.962016
223.962016
224.962016
225.962016
226.962016
227.962016
228.962016
229.962016
230.962016
231.962016
232.962016
233.962016
234.962016
235.962016
236.962016
237.962016
238.962016
239.962016
240.962016
241.962016
242.962016
243.962016
244.962016
245.962016
246.962016
247.962016
248.962016
249.962016
250.962016
251.962016
252.962016
253.962016
254.962016
255.962016
256.961984
257.961984
258.961984
259.961984
260.961984
261.961984
262.961984
263.961984
264.961984
265.961984
266.961984
267.961984
268.961984
269.961984
270.961984
271.961984
272.961984
273.961984
274.961984
275.961984
276.961984
277.961984
278.961984
279.961984
280.961984
281.961984
282.961984
283.961984
284.961984
285.961984
286.961984
287.961984
288.961984
289.961984
290.961984
291.961984
292.961984
293.961984
294.961984
295.961984
296.961984
297.961984
298.961984
299.961984
300.961984
301.961984
302.961984
303.961984
304.961984
305.961984
306.961984
307.961984
308.961984
309.961984
310.961984
311.961984
312.961984
313.961984
314.961984
315.961984
316.961984
317.961984
318.961984
319.961984
320.961984
321.961984
322.961984
323.961984
324.961952
325.961952
326.961952
327.961952
328.961952
329.961952
330.961952
331.961952
332.961952
333.961952
334.961952
335.961952
336.961952
337.961952
338.961952
339.961952
340.961952
341.961952
342.961952
343.961952
344.961952
345.961952
346.961952
347.961952
348.961952
349.961952
350.961952
351.961952
352.961952
353.961952
354.961952
355.961952
356.961952
357.961952
358.961952
359.961952
360.961952
361.961952
362.961952
363.961952
364.961952
365.961952
366.961952
367.961952
368.961952
369.961952
370.961952
371.961952
372.961952
373.961952
374.961952
375.961952
376.961952
377.961952
378.961952
379.961952
380.961952
381.961952
382.961952
383.961952
384.961952
385.961952
386.961920
387.961920
388.961920
389.961920
390.961920
391.961920
392.961920
393.961920
394.961920
395.961920
396.961920
397.961920
398.961920
399.961920
400.961920
401.961920
402.961920
403.961920
404.961920
405.961920
406.961920
407.961920
408.961920
409.961920
410.961920
411.961920
412.961920
413.961920
414.961920
415.961920
416.961920
417.961920
418.961920
419.961920
420.961920
421.961920
422.961920
423.961920
424.961920
425.961920
426.961920
427.961920
428.961920
429.961920
430.961920
431.961920
432.961920
433.961920
434.961920
435.961920
436.961920
437.961920
438.961920
439.961920
440.961920
441.961920
442.961920
443.961920
444.961920
445.961920
446.961920
447.961920
448.961920
449.961888
450.961888
451.961888
452.961888
453.961888
454.961888
455.961888
456.961888
457.961888
458.961888
459.961888
460.961888
461.961888
462.961888
463.961888
464.961888
465.961888
466.961888
467.961888
468.961888
469.961888
470.961888
471.961888
472.961888
473.961888
474.961888
475.961888
476.961888
477.961888
478.961888
479.961888
480.961888
481.961888
482.961888
483.961888
484.961888
485.961888
486.961888
487.961888
488.961888
489.961888
490.961888
491.961888
492.961888
493.961888
494.961888
495.961888
496.961888
497.961888
498.961888
499.961888
500.961888
501.961888
502.961888
503.961888
504.961888
505.961888
506.961888
507.961888
508.961856
509.961856
510.961856
511.961856
512.961856
513.961856
514.961856
515.961856
516.961856
517.961856
518.961856
519.961856
520.961856
521.961856
522.961856
523.961856
524.961856
525.961856
526.961856
527.961856
528.961856
529.961856
530.961856
531.961856
532.961856
533.961856
534.961856
535.961856
536.961856
537.961856
538.961856
539.961856
540.961856
541.961856
542.961856
543.961856
544.961856
545.961856
546.961856
547.961856
548.961856
549.961856
550.961856
551.961856
552.961856
553.961856
554.961856
555.961856
556.961856
557.961856
558.961856
559.961856
560.961824
561.961824
562.961824
563.961824
564.961824
565.961824
566.961824
567.961824
568.961824
569.961824
570.961824
571.961824
572.961824
573.961824
574.961824
575.961824
576.961824
577.961824
578.961824
579.961824
580.961824
581.961824
582.961824
583.961824
584.961824
585.961824
586.961824
587.961824
588.961824
589.961824
590.961824
591.961824
592.961824
593.961824
594.961824
595.961824
596.961824
597.961824
598.961824
599.961824
600.961824
601.961824
602.961824
603.961824
604.961824
605.961824
606.961824
607.961824
608.961824
609.961824
610.961792
611.961792
612.961792
613.961792
614.961792
615.961792
616.961792
617.961792
618.961792
619.961792
620.961792
621.961792
622.961792
623.961792
624.961792
625.961792
626.961792
627.961792
628.961792
629.961792
630.961792
631.961792
632.961792
633.961792
634.961792
635.961792
636.961792
637.961792
638.961792
639.961792
640.961792
641.961792
642.961792
643.961792
644.961792
645.961792
646.961792
647.961792
648.961792
649.961792
650.961792
651.961792
652.961792
653.961792
654.961792
655.961792
656.961792
657.961792
658.961792
659.961760
660.961760
661.961760
662.961760
663.961760
664.961760
665.961760
666.961760
667.961760
668.961760
669.961760
670.961760
671.961760
672.961760
673.961760
674.961760
675.961760
676.961760
677.961760
678.961760
679.961760
680.961760
681.961760
682.961760
683.961760
684.961760
685.961760
686.961760
687.961760
688.961760
689.961760
690.961760
691.961760
692.961760
693.961760
694.961760
695.961760
696.961760
697.961760
698.961760
699.961760
700.961760
701.961760
702.961760
703.961760
704.961760
705.961760
706.961760
707.961760
708.961760
709.961728
710.961728
711.961728
712.961728
713.961728
714.961728
715.961728
716.961728
717.961728
718.961728
719.961728
720.961728
721.961728
722.961728
723.961728
724.961728
725.961728
726.961728
727.961728
728.961728
729.961728
730.961728
731.961728
732.961728
733.961728
734.961728
735.961728
736.961728
737.961728
738.961728
739.961728
740.961728
741.961728
742.961728
743.961728
744.961728
745.961728
746.961728
747.961728
748.961728
749.961728
750.961728
751.961728
752.961728
753.961728
754.961728
755.961728
756.961728
757.961728
758.961728
759.961728
760.961728
761.961728
762.961696
763.961696
764.961696
765.961696
766.961696
767.961696
768.961696
769.961696
770.961696
771.961696
772.961696
773.961696
774.961696
775.961696
776.961696
777.961696
778.961696
779.961696
780.961696
781.961696
782.961696
783.961696
784.961696
785.961696
786.961696
787.961696
788.961696
789.961696
790.961696
791.961696
792.961696
793.961696
794.961696
795.961696
796.961696
797.961696
798.961696
799.961696
800.961696
801.961696
802.961696
803.961696
804.961696
805.961696
806.961696
807.961696
808.961696
809.961696
810.961696
811.961696
812.961664
813.961664
814.961664
815.961664
816.961664
817.961664
818.961664
819.961664
820.961664
821.961664
822.961664
823.961664
824.961664
825.961664
826.961664
827.961664
828.961664
829.961664
830.961664
831.961664
832.961664
833.961664
834.961664
835.961664
836.961664
837.961664
838.961664
839.961664
840.961664
841.961664
842.961664
843.961664
844.961664
845.961664
846.961664
847.961664
848.961664
849.961664
850.961664
851.961664
852.961664
853.961664
854.961664
855.961664
856.961664
857.961664
858.961664
859.961664
860.961664
861.961632
862.961632
863.961632
864.961632
865.961632
866.961632
867.961632
868.961632
869.961632
870.961632
871.961632
872.961632
873.961632
874.961632
875.961632
876.961632
877.961632
878.961632
879.961632
880.961632
881.961632
882.961632
883.961632
884.961632
885.961632
886.961632
887.961632
888.961632
889.961632
890.961632
891.961632
892.961632
893.961632
894.961632
895.961632
896.961632
897.961632
898.961632
899.961632
900.961632
901.961632
902.961632
903.961632
904.961632
905.961632
906.961632
907.961632
908.961600
909.961600
910.961600
911.961600
912.961600
913.961600
914.961600
915.961600
916.961600
917.961600
918.961600
919.961600
920.961600
921.961600
922.961600
923.961600
924.961600
925.961600
926.961600
927.961600
928.961600
929.961600
930.961600
931.961600
932.961600
933.961600
934.961600
935.961600
936.961600
937.961600
938.961600
939.961600
940.961600
941.961600
942.961600
943.961600
944.961600
945.961600
946.961600
947.961600
948.961600
949.961600
950.961600
951.961600
952.961600
953.961600
954.961568
955.961568
956.961568
957.961568
958.961568
959.961568
960.961568
961.961568
962.961568
963.961568
964.961568
965.961568
966.961568
967.961568
968.961568
969.961568
970.961568
971.961568
972.961568
973.961568
974.961568
975.961568
976.961568
977.961568
978.961568
979.961568
980.961568
981.961568
982.961568
983.961568
984.961568
985.961568
986.961568
987.961568
988.961568
989.961568
990.961568
991.961568
992.961568
993.961568
994.961568
995.961568
996.961568
997.961568
998.961568
999.961568
1000.961568
1001.961536
1002.961536
1003.961536
1004.961536
1005.961536
1006.961536
1007.961536
1008.961536
1009.961536
1010.961536
1011.961536
1012.961536
1013.961536
1014.961536
1015.961536
1016.961536
1017.961536
1018.961536
1019.961536
1020.961536
1021.961536
1022.961536
1023.961536
1024.961536
1025.961536
1026.961536
1027.961536
1028.961536
1029.961536
1030.961536
1031.961536
1032.961536
1033.961536
1034.961536
1035.961536
1036.961536
1037.961536
1038.961536
1039.961536
1040.961536
1041.961536
1042.961536
1043.961536
1044.961536
1045.961536
1046.961536
1047.961536
1048.961536
1049.961536
1050.961504
1051.961504
1052.961504
1053.961504
1054.961504
1055.961504
1056.961504
1057.961504
1058.961504
1059.961504
1060.961504
1061.961504
1062.961504
1063.961504
1064.961504
1065.961504
1066.961504
1067.961504
1068.961504
1069.961504
1070.961504
1071.961504
1072.961504
1073.961504
1074.961504
1075.961504
1076.961504
1077.961504
1078.961504
1079.961504
1080.961504
1081.961504
1082.961504
1083.961504
1084.961504
1085.961504
1086.961504
1087.961504
1088.961504
1089.961504
1090.961504
1091.961504
1092.961504
1093.961504
1094.961504
1095.961504
1096.961472
1097.961472
1098.961472
1099.961472
1100.961472
1101.961472
1102.961472
1103.961472
1104.961472
1105.961472
1106.961472
1107.961472
1108.961472
1109.961472
1110.961472
1111.961472
1112.961472
1113.961472
1114.961472
1115.961472
1116.961472
1117.961472
1118.961472
1119.961472
1120.961472
1121.961472
1122.961472
1123.961472
1124.961472
1125.961472
1126.961472
1127.961472
1128.961472
1129.961472
1130.961472
1131.961472
1132.961472
1133.961472
1134.961472
1135.961472
1136.961472
1137.961472
1138.961472
1139.961472
1140.961472
1141.961472
1142.961472
1143.961472
1144.961440
1145.961440
1146.961440
1147.961440
1148.961440
1149.961440
1150.961440
1151.961440
1152.961440
1153.961440
1154.961440
1155.961440
1156.961440
1157.961440
1158.961440
1159.961440
1160.961440
1161.961440
1162.961440
1163.961440
1164.961440
1165.961440
1166.961440
1167.961440
1168.961440
1169.961440
1170.961440
1171.961440
1172.961440
1173.961440
1174.961440
1175.961440
1176.961440
1177.961440
1178.961440
1179.961440
1180.961440
1181.961440
1182.961440
1183.961440
1184.961440
1185.961440
1186.961440
1187.961440
1188.961440
1189.961440
1190.961440
1191.961440
1192.961408
1193.961408
1194.961408
1195.961408
1196.961408
1197.961408
1198.961408
1199.961408
1200.961408
1201.961408
1202.961408
1203.961408
1204.961408
1205.961408
1206.961408
1207.961408
1208.961408
1209.961408
1210.961408
1211.961408
1212.961408
1213.961408
1214.961408
1215.961408
1216.961408
1217.961408
1218.961408
1219.961408
1220.961408
1221.961408
1222.961408
1223.961408
1224.961408
1225.961408
1226.961408
1227.961408
